Time (s),ESC (µs),Servo (µs),Torque (lbf·ft),Thrust (lbf),Voltage (V),Current (A),Motor Optical Speed (RPM),Electrical Power (W),Mechanical Power (W),Motor Efficiency (%),Propeller Mech. Efficiency (lbf/W),Overall Efficiency (lbf/W),ESC Temp (ºF),Motor Temp (ºF),App message,90% settling time (s),Max acceleration (RPM/s),
0,1000,,0.00002100706841978052,-0.00151807136985789,49.32101054992876,0.000983645087257845,0,0.04851436972602977,0,0,0,0,77.7875,79.5875,,
0,1525,,0.000014068543700163314,-0.0016773022473604007,49.321082748488564,0.0000630054063731067,0,0,0,0,0,0,77.7875,79.5875,,
0.024110000000335276,1525,,-0.000012640282810858819,-0.0018510639244064854,49.321171888445605,0.00024600911364180966,0,0.012133457780051843,0,0,0,0,77.7875,79.5875,,
0.046244999999180435,1525,,0.0000282491328392469,-0.002085377765946606,49.32122491895526,0.00044808259348028123,0,0.022099982375309746,0,0,0,0,77.7875,79.5875,,
0.0720800000000745,1525,,0.00005124744189550858,-0.0020364352712005707,49.32130538608351,-0.0002627875404672131,0,0.012961024535041195,0,0,0,0,77.7875,79.5875,,
0.09496999999973924,1525,,0.00008908742915985061,-0.001956419391588666,49.295912866205434,0.21046589654381692,0,10.375108497331807,0,0,0,0,77.7875,79.5875,,
0.11694999999925494,1525,,0.021702318151548834,-0.0018787549299598522,49.273747857644636,0.38392932466128166,0,18.917636738515778,0,0,0,0,77.7875,79.5875,,
0.13936000000033527,1525,,0.02899956792500934,-0.0026128249607079443,49.252314944775215,0.5475143885187113,0,26.966351100119585,0,0,0,0,77.7875,79.5875,,
0.16205499999970197,1525,,-0.013154162151530266,-0.003810919615746751,49.23902384037625,0.645073934995988,0,31.76281086407277,0,0,0,0,77.7875,79.5875,,
0.18912000000011175,1525,,-0.08668985114310811,-0.004812759217759781,49.231043888025106,0.7005109172003914,0,34.48688370873319,0,0,0,0,77.7875,79.5875,,
0.210875,1525,,-0.15064267716945154,-0.004777275627610106,49.23224621395422,0.6878946233981176,0,33.86659746839144,0,0,0,0,77.7875,79.5875,,
0.23319500000029803,1525,,-0.2053774054277993,-0.0026258850264629656,49.23398062501987,0.6716364649144675,1,33.06733670065573,0.0331048661962352,0.10011349415865937,0.07932021265083954,0.00007941023645883443,77.7875,79.5875,,
0.2551100000003353,1525,,-0.25047426989501986,0.00025185648268394724,49.23677358513714,0.6480621388606707,2,31.90848880018255,0.07773581169677324,0.24362110090380873,0.0032399029120114228,0.000007893087142456786,77.7875,79.5875,,
0.278339999999851,1525,,-0.2810250062695174,0.0055262194888856,49.23859304733867,0.6316776703446387,3,31.102919747190615,0.10027541787242965,0.3223987287607848,0.05511041096748213,0.0001776752643740065,77.7875,79.5875,,
0.30421499999985097,1525,,-0.2969261289595688,0.01397163406253285,49.24247144269775,0.5990467351267617,3,29.498541747320882,0.11284924495532776,0.38255872416329517,0.12380795341664562,0.00047363812700340624,77.7875,79.5875,,
0.32705999999959023,1525,,-0.30437666441006167,0.0215056111049841,49.24573976457366,0.5735028674251461,3,28.242572963455537,0.11804675168859395,0.4179744948923049,0.18217876220529702,0.0007614607611286434,77.7875,79.5875,,
0.3500099999997765,1525,,-0.30198746394320897,0.02902391076024278,49.24741374309024,0.5606832248765452,3,27.61219875430533,0.11771759036658172,0.42632457999465556,0,0.0010511263886841802,77.7875,79.5875,,
0.3757050000000745,1525,,-0.2912537013299,0.03682212360250893,49.25031043586708,0.5377211420846497,3,26.48293317559799,0.11377298511085732,0.4296087006543915,0,0.0013904095652228477,77.9,79.5875,,
0.3980449999999255,1525,,-0.2811175523757031,0.042859578343196106,49.252123312283125,0.524536028137552,3,25.83451313956592,0.1098865092784051,0.42534770709540626,0,0.0016590046853856154,77.9,79.5875,,
0.4193600000003353,1525,,-0.2685786440440723,0.048918182602562796,49.25355866156829,0.5125119928463491,3,25.243039504414924,0.10500257731936673,0.41596645800519433,0,0.0019378879708209136,77.9,79.5875,,
0.44141500000003725,1525,,-0.2557051415261591,0.05438906703137765,49.25482847400385,0.5025014835125128,3,24.750624378341293,0.09997633358251173,0.4039345919289161,0,0.002197482625083684,77.9,79.5875,,
0.4627600000007078,1525,,-0.24217553744949885,0.05824650414127025,49.25657308856433,0.4890147870617308,3,24.087192600294866,0.09468820093052947,0.3931060065894534,0,0.0024181524641670865,77.9,79.5875,,
0.4845400000000373,1525,,-0.2298061292671588,0.06177315679715093,49.254750088147375,0.5035700320766572,3,24.803216081816107,0.08985259941892286,0.3622618902425165,0,0.0024905301229237956,77.9,79.5875,,
0.5084699999997392,1525,,-0.233781357818001,0.06479684738891957,49.22968987857968,0.7057801965434405,3,34.74534019827659,0.09140708722561079,0.26307725497574697,0,0.0018649075536216384,77.9,79.5875,,
0.5331900000004098,1525,,-0.3161977835358192,0.06737452412914721,49.09471117133138,1.7719325796063852,3,86.99251821084763,0.12371149536337758,0.14220935076684701,0,0.0007744864215316606,77.9,79.5875,,
0.5564800000004471,1525,,-0.4298751922441116,0.07113917882887487,48.9489504131193,2.9113967716470532,3,142.5098162082672,0.16828765340860052,0.11808846428000509,0,0.0004991879206756565,77.9,79.5875,,
0.5793599999994039,1525,,-0.6370916094303195,0.09713912707528151,48.723216696476356,4.626568368925422,3,225.4212932002165,0.24945458048457603,0.11066149827426172,0,0.0004309225880848962,77.9,79.5875,,
0.6055100000007078,1525,,-0.9512042372244719,0.16726977161579842,48.39225183470957,7.113840039803659,3,344.254738718019,0.3724804772122718,0.10819908495649573,0,0.000485889525409874,77.9,79.5875,,
0.6272250000005588,1525,,-1.2188747825154316,0.243497060763086,48.163599595858855,8.807975698154205,190,424.2238147759545,32.827852606253444,7.738333271928835,0.007417392288300385,0.0005739825353550323,77.9,79.5875,,
0.6482900000000372,1525,,-1.472398500058123,0.38471511568366684,48.06511447072078,9.486404552398763,254,455.9651207266133,53.03548159932602,11.631477757511398,0.007253919528630356,0.0008437380365204154,77.9,79.5875,,
0.6728299999991432,1525,,-1.710669235636133,0.5613905538376711,48.04581664000881,9.559359273335497,521,459.2872228426451,126.43119061741727,27.527696031886663,0.004440285273722111,0.0012223082330988495,77.9,79.5875,,
0.6982200000006705,1525,,-1.9147320443658307,0.7727852842976447,48.06015267918681,9.388103263156077,746,451.193676195253,202.90748841422663,44.97126159330719,0.003808559705396569,0.001712757348051181,77.9,79.5875,,
0.7232599999997765,1525,,-2.050416868366445,0.9894969662782661,47.83872553967929,11.04063904668946,957,528.1701011372435,278.6802445548084,52.76335104065161,0.003550653430274497,0.0018734437336526708,77.9,79.5875,,
0.7442900000000372,1525,,-2.1639683751211685,1.2140702057098804,47.6777255300306,12.24245852117119,1063,583.6925771851843,326.71277746499476,55.9734336592978,0.0037160169098068426,0.0020799822597790214,77.9,79.5875,,
0.7676650000000372,1525,,-2.2973614220369174,1.4762556059370784,47.019225102793655,17.533496209539653,1242,824.4114051153242,405.0586857060317,49.133076421883004,0.0036445474644344737,0.0017906782909323893,77.9,79.5875,,
0.7904150000000373,1525,,-2.5138011176873207,1.8198923767043573,46.39774005169779,22.53175588580005,1299,1045.4225524976623,463.67661043297846,44.35303307023457,0.003924917357821764,0.0017408198936940639,77.9,79.5875,,
0.8168349999999628,1525,,-2.8539734837402384,2.3499286969348243,45.44441194093868,30.414448679305973,1490,1382.166734738919,603.7619326581009,43.682279241957524,0.003892144518931678,0.0017001774372602798,77.9,79.5875,,
0.84075,1525,,-3.1458486428692516,2.854830759103744,44.65237725503628,36.92350997211459,1761,1648.7224968549547,786.3606834222244,47.6951509379085,0.003630434251467893,0.0017315410959391402,77.9,79.5875,,
0.8623500000005588,1525,,-3.461429909893338,3.5438273441742174,44.04398277413497,41.880523304956725,1958,1844.585047015272,962.4463818307003,52.17685047312063,0.003682103659045805,0.0019212057204456329,77.9,79.5875,,
0.8874550000000745,1525,,-3.7803196373551646,4.345896882936949,43.659170277990455,44.861433265803754,2235,1958.6129538664316,1199.5231437842472,61.243500989631926,0.003623020452299523,0.0022188645665586256,77.9,79.5875,,
0.910679999999702,1525,,-4.024049602390576,5.146405903038635,43.45973376874759,46.28631778576182,2486,2011.591048104855,1420.4079964881184,70.61117108401842,0.0036231884893374606,0.002558375822902537,77.9,79.5875,,
0.9339000000003725,1525,,-4.215292675234293,6.0241595449703045,43.335391730735516,47.10270338233844,2579,2041.214102650277,1543.6610575319958,75.62465179560208,0.0039025144254152054,0.0029512629454933907,77.9,79.5875,,
0.9595,1525,,-4.336168916207864,7.189166971797965,43.26735105116466,47.4364299239904,2711,2052.448666135265,1669.0856848429312,81.32167748613166,0.004307248595493466,0.003502726811353132,77.9,79.5875,,
0.9824399999994785,1525,,-4.404493944679393,8.206455613221483,43.282035329534985,47.064836545721946,2796,2037.0619181507266,1748.1923062066824,85.81930134915663,0.0046942522193272156,0.004028574458193896,77.9,79.5875,,
1.0068700000001118,1525,,-4.410635319494872,9.331673176953968,43.31797566212107,46.51773254934933,2842,2015.0540064297716,1779.8081521923714,88.32558067988442,0.0052430781179753526,0.004630979193201686,77.9,79.5875,,
1.0319699999997392,1525,,-4.365424305001305,10.602660374334578,43.37862479574007,45.76006114344241,2886,1985.0085229715125,1788.4789868706625,90.09931021320504,0.005928311404366157,0.005341367682624676,77.9,79.5875,,
1.0538600000003353,1525,,-4.312357934157064,11.589290292344876,43.44465030302714,44.997603226223404,2920,1954.9051366376416,1788.0493161020968,91.46476126086966,0.006481527208438098,0.005928313387256218,77.9,79.5875,,
1.075820000000298,1525,,-4.232553020255708,12.554552080957915,43.49215810808531,44.42685738507308,2938,1932.219905636956,1765.47347856368,91.37021481939924,0.007111153032540487,0.006497475801968466,77.9,79.5875,,
1.0974199999999255,1525,,-4.1500899765293005,13.432658180391057,43.54894214742812,43.79108764907792,2962,1907.0555426026485,1745.048239650501,91.50484611837531,0.0076975855882822795,0.007043663847387935,77.9,79.5875,,
1.119850000000559,1525,,-4.061321150150659,14.265479861357978,43.61430253438047,43.07995484785984,2971,1878.9021839020095,1712.9107541758008,91.16550977755074,0.008328209643486115,0.007592454776827258,77.9,79.5875,,
1.1458549999995158,1525,,-3.9586079118978272,15.144016405965719,43.68299954054451,42.32525190534578,2983,1848.8939595346503,1676.7156788285233,90.68749833822473,0.00903195252312929,0.00819085179432212,77.9,79.5875,,
1.170105000000447,1525,,-3.8684870746370676,15.843596603894916,43.746715487420445,41.633961704347136,2992,1821.3490772942325,1643.1604196982626,90.21666632622208,0.00964214839522748,0.008698824844401553,77.9,79.5875,,
1.1948249999992548,1525,,-3.7644661870268012,16.5677259912775,43.79944522208764,41.026793147295585,2998,1796.9507790928935,1602.545855743249,89.1813996459168,0.010338378731505008,0.009219910853451946,77.9,79.7,,
1.2159400000004097,1525,,-3.679907508751899,17.103741531133466,43.84138528572472,40.55106573039131,3002,1777.8148964328334,1568.2388112517613,88.21159134161918,0.010906337356541593,0.009620653739290823,77.9,79.7,,
1.238945000000298,1525,,-3.5946819411304487,17.63299987336417,43.87907103727443,40.103961399692515,3006,1759.7245711332196,1534.1050639730674,87.17870336862667,0.011493997567348969,0.010020318044436325,77.9,79.7,,
1.261695000000298,1525,,-3.5130377174909158,18.10750345388761,43.91743954339611,39.65076055823924,3007,1741.3598796661468,1500.0430031638218,86.14204454115539,0.012071322899207619,0.010398484348542117,77.9,79.7,,
1.2869899999992922,1525,,-3.432088353908735,18.567387117953604,43.95888537952214,39.15078112258603,3010,1721.0246998865184,1466.6752885487147,85.22104817237224,0.01265950770625321,0.010788565160731225,77.9,79.7,,
1.3135,1525,,-3.363416119789266,18.93847384630184,43.98494171956563,38.792395340843505,3011,1706.281248229351,1437.9394721549488,84.27329747936533,0.013170564000110482,0.011099268579523305,77.9,79.7,,
1.3402749999994412,1525,,-3.295475228781821,19.30102950839074,44.019659314277575,38.351522609460694,3012,1688.2209594522735,1409.213879576244,83.4733079035726,0.013696309544009484,0.011432762637097436,77.9,79.7,,
1.3639199999999254,1525,,-3.235103443778088,19.612766093399706,44.02439439933396,38.17676136113528,3013,1680.7087990518728,1383.9647734515584,82.34411423515397,0.014171434468296598,0.011669342187334134,77.9,79.7,,
1.3867200000006705,1525,,-3.1896343171510484,19.849694806462512,44.02245247448811,38.09617352680716,3015,1677.0869885437205,1365.393659775539,81.41459978537924,0.014537708348320338,0.011835817069750667,77.9,79.7,,
1.4128799999998882,1525,,-3.1416090404112564,20.076549164353036,44.05385370018567,37.72058973902702,3017,1661.737341847821,1345.6786496873835,80.98022568302004,0.014919274500652177,0.012081662160897394,77.9,79.7,,
1.4356200000001118,1525,,-3.1033284970258217,20.253948703005385,44.07435999089412,37.44643741127498,3017,1650.4277628410189,1329.2362134013804,80.5388907850929,0.015237283259968962,0.012271938923361647,77.9,79.7,,
1.4576500000003725,1525,,-3.0688402231324154,20.395866158846594,44.08568333146706,37.27794931656622,3017,1643.4238688166174,1314.3707441211975,79.9775863708027,0.015517589880991677,0.01241059384973706,77.9,79.7,,
1.4827750000003725,1525,,-3.032577800135161,20.53728837927166,44.102032300571594,37.01949132034313,3015,1632.6348019605025,1298.2733247549188,79.52013047840978,0.015818925019620643,0.012579229815884146,77.9,79.7,,
1.5069700000006705,1525,,-3.0026541321199978,20.63980660839776,44.1033121099211,36.908036231146,3014,1627.766641266508,1284.990832928862,78.94195644217501,0.016062220896435296,0.012679831423709882,77.9,79.7,,
1.5322549999998882,1525,,-2.9720199810694674,20.743211904748446,44.11345430460022,36.726368699236716,3013,1620.1269873876786,1271.3103730311093,78.46979791880344,0.016316402622666915,0.012803448165625071,77.9,79.7,,
1.5550049999998883,1525,,-2.9482496828729623,20.812532576422445,44.12092258164472,36.58439159298197,3012,1614.1371091705316,1260.7551696174337,78.10706800894424,0.016507989083033345,0.012893906259993945,77.9,79.7,,
1.5808500000005588,1525,,-2.924199631308349,20.876564834630123,44.1239972057107,36.48330912467675,3011,1609.7894298723168,1250.0317966778819,77.65188250596417,0.016700827043049822,0.012968506592993336,77.9,79.7,,
1.6037800000002607,1525,,-2.906293542160217,20.915399290111854,44.12176510126937,36.445908906964746,3010,1608.0578316953595,1242.107257715267,77.24269819361693,0.01683864188072104,0.01300662132782933,77.9,79.7,,
1.6268250000001863,1525,,-2.8910426003995355,20.950037325665786,44.125788463297845,36.35056417064777,3010,1603.9973051155375,1235.3224991043094,77.01524779153715,0.01695916438084464,0.013061142471281605,77.9,79.7,,
1.652890000000596,1525,,-2.876324184868021,20.972489946619362,44.116214651648065,36.37424893490989,3009,1604.6941738049659,1228.7207890817706,76.57040258134002,0.01706855628469688,0.013069462262015013,77.9,79.7,,
1.6768650000002234,1525,,-2.8647455732094707,20.991329697230444,44.11392159943528,36.33476611267181,3008,1602.8690236282218,1223.3507113978253,76.32256244048396,0.017158881342575365,0.013096097926775635,77.9,79.7,,
1.6987750000003725,1525,,-2.8540820078122087,20.994406455523098,44.11153231702717,36.30401302710766,3007,1601.4256438830348,1218.6285686226822,76.09648148682254,0.01722789617450983,0.013109822823004881,77.9,79.7,,
1.7249750000005588,1525,,-2.8451273392691814,20.99965977169288,44.106251063745894,36.29620034060827,3006,1600.8893248828876,1214.3269997809632,75.85327610762829,0.01729324949167789,0.013117496284903454,77.9,79.7,,
1.7482700000004843,1525,,-2.8377050383541054,20.99850165444851,44.10603966573908,36.24902300622174,3005,1598.8008465567048,1210.8899568267743,75.73738526812993,0.017341378988291075,0.013133907015168544,77.9,79.7,,
1.771320000000298,1525,,-2.8320819348354123,20.989475404522267,44.09750694772377,36.28645785633438,3005,1600.1423274279912,1208.3629634531349,75.51596771990978,0.0173701743924199,0.013117255287071847,77.9,79.7,,
1.7970400000000373,1525,,-2.826230281897767,20.969338574038726,44.106454806558666,36.149851698852714,3005,1594.4418002192454,1205.6332810139997,75.61475626443172,0.017392800036510628,0.013151523355167503,77.9,79.7,,
1.819394999999553,1525,,-2.8218811258279297,20.954372167203253,44.100127632436404,36.116488384186866,3004,1592.7417473780476,1203.5118846371915,75.56227408607819,0.017411022221454936,0.013156164332163761,77.9,79.7,,
1.8434500000001863,1525,,-2.817294742235709,20.94361913751856,44.092293619235605,36.102375746502034,3003,1591.8365517667378,1201.2891537674493,75.46560935757944,0.0174342863846192,0.013156890457298386,77.9,79.7,,
1.8669799999995158,1525,,-2.8138822344563734,20.926877189363243,44.09806675279175,35.98675206892972,3002,1586.9461949518293,1199.4735320366744,75.58375550804882,0.017446718606478926,0.013186885135698292,77.9,79.7,,
1.889980000000447,1525,,-2.8107227027905366,20.910896325100598,44.09815306360184,35.93307022922963,3002,1584.5820310137226,1197.8381051812676,75.59331620181008,0.01745719745819588,0.013196474474548366,77.9,79.7,,
1.9120499999998137,1525,,-2.8089811567132013,20.888912251438548,44.08742263020985,35.98511689132084,3001,1586.4910567851653,1196.909644900001,75.44383183132439,0.017452371898284573,0.013166738105519129,77.9,79.7,,
1.9369800000004471,1525,,-2.8069284909080463,20.862773258859683,44.06993377183414,36.07212985514201,3001,1589.6963737251092,1195.8251798287602,75.22349547961808,0.01744634049422441,0.013123747153031677,77.9,79.7,,
1.9589399999994785,1525,,-2.805363906170976,20.84285387568858,44.06351763491286,36.0797826858896,3000,1589.80214064352,1195.1034573484037,75.17309398417653,0.017440208835085267,0.013110344578635308,77.9,79.7,,
1.9822800000002607,1525,,-2.804241289539086,20.820711890559693,44.05761979892259,36.086820419839036,3000,1589.8994138092642,1194.4969955227114,75.13035008049961,0.01743052679797538,0.0130956158041942,77.9,79.7,,
2.007584999999963,1525,,-2.8052037734496755,20.781118822625107,44.052361647775626,36.09411694416686,3000,1590.0310929815448,1194.795680259888,75.14291296149867,0.017393031432876342,0.013069630470972374,78.0125,79.7,,
2.029010000000708,1525,,-2.805402458699425,20.749426503951177,44.045995695675664,36.114812844066584,3000,1590.712891079889,1194.9130148235768,75.11808205768577,0.017364800823610353,0.013044105331833322,78.0125,79.7,,
2.050089999999851,1525,,-2.806061766391804,20.72005735757746,44.04163132887897,36.12284091285994,3000,1590.9088420359235,1195.1099967528332,75.12121154744624,0.0173373642709665,0.013024038090744103,78.0125,79.7,,
2.0725300000002607,1525,,-2.806472780451141,20.701949580665985,44.04114376703358,36.092108275721046,3000,1589.537729426373,1195.2025009146223,75.19182959853006,0.01732087204036465,0.013023880589570425,78.0125,79.7,,
2.0940300000002607,1525,,-2.8060606318707926,20.680257842448643,44.037243724611166,36.09235056375234,3000,1589.407638370069,1195.0505538561965,75.18842397672859,0.017304923022475875,0.013011298890985679,78.0125,79.7,,
2.1153250000001864,1525,,-2.805703777591713,20.661480944129405,43.956790473824974,36.75131150982142,3002,1615.4696996754924,1195.9149347823238,74.02893010141591,0.017276714541482115,0.01278976693173495,78.0125,79.7,,
2.1363449999997393,1525,,-2.81535766168253,20.649903021142777,43.90042631918187,37.20232633475078,3004,1633.1979861608859,1200.7088988290352,73.51888191164801,0.01719809276110233,0.012643845508090506,78.0125,79.7,,
2.160570000000298,1525,,-2.8283035183294194,20.645001603461,43.90764949921167,37.09926526963636,3013,1628.94153613747,1210.0966820802955,74.28729977318062,0.017060621609150988,0.012673875117958025,78.0125,79.7,,
2.1861299999998884,1525,,-2.836719612500621,20.657358131900665,43.93443338729094,36.80787821248328,3017,1617.1332734538641,1215.1809936754432,75.14414634979754,0.01699940851561569,0.012774060413574198,78.0125,79.7,,
2.208445000000298,1525,,-2.8397508421675544,20.672544650558546,43.95800557680752,36.544592289083496,3016,1606.4273916456896,1215.9630760762266,75.69362190908264,0.017000964138867175,0.012868645516172847,78.0125,79.7,,
2.2342200000006707,1525,,-2.8352993463883567,20.67817569451571,43.97462686389896,36.352382685819535,3012,1598.5824642225753,1212.5541048110028,75.85183323030469,0.017053404555286835,0.012935319983365353,78.0125,79.7,,
2.2572549999998883,1525,,-2.8313081539625378,20.680670362746923,43.983241482728054,36.239277003210816,3008,1593.9208715916948,1209.1859302017697,75.86235626579584,0.017102969730466565,0.012974715828957768,78.0125,79.7,,
2.2804950000001116,1525,,-2.8240655592826123,20.69750794093529,43.99224620754275,36.12099786902409,3006,1589.0438315162346,1205.4219893398379,75.85832218294745,0.017170342107555626,0.013025133435863836,78.0125,79.7,,
2.3052949999999255,1525,,-2.8175306001451133,20.7164793514492,43.99118133755216,36.089846660495425,3003,1587.6349888863056,1201.4073065337263,75.67276577700581,0.017243510372198356,0.013048641215687365,78.0125,79.7,,
2.3282849999992177,1525,,-2.8125460820729296,20.730949730922386,43.98294244245245,36.135957386436665,3001,1589.3657338305582,1198.3534491188539,75.39821852272361,0.017299528570778346,0.013043536355196459,78.0125,79.7,,
2.353655000000261,1525,,-2.80826478749676,20.720375014196588,43.980108912663525,36.12872567385027,3000,1588.9452900116778,1196.0365359588384,75.27235478007228,0.017324199045128233,0.013040332568054817,78.0125,79.7,,
2.3763799999998882,1525,,-2.804413748879378,20.71047374924215,43.98534485637996,36.05903313159543,2999,1586.0690074808556,1194.2570078404374,75.29666125544368,0.0173417226051641,0.013057738125869111,78.0125,79.7,,
2.4026700000008567,1525,,-2.801165212535432,20.72415936490177,43.974315303622355,36.12020627085267,2998,1588.3613393863527,1192.4137961896613,75.07194783841429,0.017380006362829315,0.013047509311016309,78.0125,79.7,,
2.425375,1525,,-2.7987663862303696,20.732959779126947,43.971553395650105,36.10683281545726,2998,1587.6735270926904,1191.205066801856,75.02833841307174,0.017405029878516835,0.013058704718149862,78.0125,79.7,,
2.447339999999851,1525,,-2.797538740506279,20.734992429548726,43.96744182105716,36.10664027878231,2998,1587.5166058112002,1190.7463278489415,75.00685810089436,0.01741344226272447,0.013061275928482913,78.0125,79.7,,
2.4732000000001864,1525,,-2.7961309801741567,20.720976548284202,43.9620475927485,36.11477858356746,2998,1587.6796148923668,1190.2309172611695,74.96669391587915,0.01740920711080592,0.013051107007939343,78.0125,79.7,,
2.496710000000894,1525,,-2.795788051812155,20.718803423101146,43.955426112753216,36.13825758862048,2998,1588.472511280251,1189.9702186099396,74.91286189465545,0.01741119491822557,0.013043224403299587,78.0125,79.7,,
2.518410000000149,1525,,-2.7949696823900076,20.73199740815604,43.95935861166351,36.072677833820975,2998,1585.7317809799415,1189.58034134696,75.01775241029917,0.017427992618540777,0.013074088352662137,78.0125,79.7,,
2.54343499999959,1525,,-2.7951884900474147,20.738790786551803,43.95037420225174,36.10526997325198,2998,1586.840125997748,1189.773078374258,74.97750144339031,0.01743087918486937,0.01306923769243105,78.0125,79.7,,
2.5676100000003355,1525,,-2.7950756286414373,20.729673451719748,43.95717213026057,36.00871230998766,2998,1582.84116519916,1189.7934184515996,75.1682129963997,0.01742291823961962,0.013096496292545848,78.0125,79.7,,
2.5896450000004845,1525,,-2.795418547157477,20.715636354011522,43.95031737835279,36.04493433161111,2998,1584.186303756193,1189.763689849082,75.10251079864072,0.017411555362425994,0.01307651524627729,78.0125,79.7,,
2.611459999999963,1525,,-2.795706460898749,20.716276019979322,43.95029592013441,36.02751545813767,2997,1583.4199656523674,1189.7883310306754,75.14041485137419,0.017411732389435587,0.013083247950232987,78.0125,79.7,,
2.6328100000005215,1525,,-2.79505070704227,20.71175580592485,43.95851989852797,35.92414139583891,2998,1579.1720843865169,1189.6273541864218,75.33234445748026,0.01741028880433695,0.013115578733125233,78.0125,79.7,,
2.656839999999851,1525,,-2.794218685991381,20.707594789055165,43.95315716407899,35.94239225039584,2997,1579.781615434623,1189.003812289974,75.26380866021536,0.01741591959169009,0.013107884397906592,78.0125,79.7,,
2.6785800000000743,1525,,-2.7925683383620155,20.684507825265094,43.95727844895971,35.88107120607706,2997,1577.2342380524801,1188.173710012875,75.33273633978395,0.017408656369817303,0.01311441720337347,78.0125,79.7,,
2.704410000000149,1525,,-2.791980308901698,20.67022448578805,43.945259981384005,35.96355020072306,2996,1580.42756342433,1187.619387605286,75.14544893358212,0.017404755009487897,0.013078881287669803,78.0125,79.7,,
2.7266749999998137,1525,,-2.79154806949739,20.659725314294587,43.94586709850031,35.9374619893439,2995,1579.3029284411136,1187.1666466155286,75.17029350330833,0.01740254864234353,0.01308154689150563,78.0125,79.7,,
2.7498450000006707,1525,,-2.7921857673175166,20.645055025672022,43.94923847549983,35.88494460123829,2995,1577.1159879599218,1187.3542987608555,75.28642838100687,0.01738744286117259,0.013090384716965192,78.0125,79.7,,
2.7745050000008193,1525,,-2.791871093460878,20.625585255763706,43.9513137445055,35.835640162797134,2995,1575.023464030299,1187.1050654824314,75.3706273330538,0.017374692312833832,0.013095414593370736,78.0125,79.7,,
2.797785000000149,1525,,-2.792414882309353,20.604379051981624,43.953021759272254,35.79465638019619,2994,1573.2833107444364,1187.2178932566628,75.46116361552849,0.017355179002113637,0.013096420022552816,78.0125,79.7,,0.354,9700,
2.8208450000006704,1525,,-2.791915433111735,20.596232038489152,43.94985815848641,35.80107438001083,2994,1573.4521409228978,1186.9687694706427,75.43723374861813,0.017351957834303038,0.013089836991424837,78.0125,79.7,,
2.8456699999999255,1763,,-2.79300362974867,20.584897798388237,43.941228209657396,35.85979097180885,2994,1575.7232586428645,1187.4125796855676,75.35667022572603,0.01733592699838098,0.013063777338742562,78.0125,79.475,,
2.8687050000000744,1763,,-2.7932606402235196,20.568888024948325,43.938699108869606,35.86230696492881,2995,1575.743115081926,1187.5889225059323,75.36691172178705,0.017319871914556008,0.013053452576170015,78.0125,79.475,,
2.8915400000000373,1763,,-2.794301351893513,20.530010025571734,43.93794879123295,35.85261990015627,2995,1575.2905772046056,1188.1037878447978,75.42124640605158,0.017279643609934836,0.0130325225851365,78.0125,79.475,,
2.917844999999739,1763,,-2.793257898889294,20.4974273346858,43.93676457297419,35.8468739347475,2995,1574.9956607480858,1187.6447780686547,75.40622540537993,0.017258887264269933,0.013014275432955798,78.0125,79.475,,
2.9410900000007825,1763,,-2.7931829102904153,20.471016792043937,43.87277962655753,36.386624944584646,2995,1596.3823775479634,1187.8975774148446,74.41184481373756,0.017232981345575157,0.012823379335649728,78.0125,79.475,,
2.9627199999997393,1763,,-2.816737098769096,20.452053799657644,43.43090887149613,40.188239543651314,3007,1745.4117693261774,1202.6315442782711,68.90245416086265,0.017006084612499858,0.01171760965468523,78.0125,79.475,,
2.9889599999999628,1763,,-2.8868018452040065,20.44759044285884,42.65097044582173,47.08561287645906,3040,2008.2470832172583,1245.972671805516,62.04279753313217,0.016410946167245075,0.010181810103815176,78.0125,79.475,,
3.014655000000261,1763,,-3.0066762083012337,20.510491089357913,41.951314736957436,53.1784521225746,3105,2230.905982218349,1325.5143598790203,59.41596689614713,0.015473609121239474,0.00919379447311485,78.0125,79.475,,
3.036584999999963,1763,,-3.0907800421637006,20.554622172821595,41.25082915850865,59.56285426535928,3209,2457.017125493484,1408.1380094535216,57.31087483448866,0.01459702247565816,0.008365681280586625,78.0125,79.475,,
3.0576699999999253,1763,,-3.2528202076008714,20.77650836905419,40.69904181717074,64.5808561847282,3284,2628.3789664509427,1516.5220509527119,57.697998283727216,0.013700103045651028,0.00790468522014859,78.0125,79.475,,
3.080860000000335,1763,,-3.444345002051496,21.08267145215929,40.0911171846835,70.05354892851794,3409,2808.525039296172,1667.2854147987834,59.36516112445314,0.012644908463200138,0.007506670283218373,78.0125,79.475,,
3.1029299999997018,1763,,-3.6309518659712148,21.446570042799546,39.62018250017353,74.30976390825761,3458,2944.1664075899744,1782.9392697395074,60.55837282645242,0.012028772043330985,0.007284428620444456,78.0125,79.475,,
3.1276299999998884,1763,,-3.833604860479812,21.953015860631012,39.240554772654974,77.73977562969631,3542,3050.5519236110063,1927.7450171431713,63.193319288309524,0.011387925096631484,0.007196407866627865,78.0125,79.475,,
3.149714999999851,1763,,-3.983040258707731,22.326466707740497,38.99576308864625,79.93806348646754,3622,3117.2457854834515,2048.334546235196,65.70975428931476,0.010899814558503718,0.007162241364383751,78.0125,79.475,,
3.1757400000002236,1763,,-4.166071234712029,23.060270104644715,38.76588742326071,81.99577884926272,3678,3178.6391320531,2175.71241302694,68.44792134744895,0.01059895139016205,0.007254761911192467,78.0125,79.475,,
3.1986850000005216,1763,,-4.30283578486595,23.77788698295263,38.60185794204228,83.45348380180914,3705,3221.459526485963,2263.396118419088,70.25995825215439,0.010505402386021915,0.007381091330639828,78.0125,79.475,,
3.224875,1763,,-4.433923707557887,24.660228385834035,38.468245828473826,84.58981465890564,3743,3254.021784883821,2356.232954266802,72.40987030917887,0.010465955134520073,0.007578384539522831,78.0125,79.475,,
3.2469199999999256,1763,,-4.52523253438519,25.381148128831974,38.39482843242816,85.20090481344292,3775,3271.274122599784,2425.5956923381177,74.14834714036196,0.010463882422369486,0.007758795862897843,78.0125,79.475,,
3.2691150000002236,1763,,-4.5962963106847505,26.164387086532273,38.32481550947914,85.78176581674528,3792,3287.570349004107,2474.50825312228,75.26860235468041,0.010573570346156098,0.00795857861854064,78.0125,79.475,,
3.291175000000745,1763,,-4.65280618904376,26.894730255461912,38.287121053862094,86.04608851999865,3811,3294.4570073765217,2517.783777200078,76.42484851259502,0.010681906245885187,0.00816363066667518,78.0125,79.475,,
3.3147550000008197,1763,,-4.693412549793442,27.611082503832844,38.25080806798914,86.29334339092419,3821,3300.7901155913205,2546.296901802004,77.14204213635217,0.010843622550179672,0.008364991876766587,78.0125,79.475,,
3.339339999999851,1763,,-4.7278992234434,28.33576639349279,38.22595158912569,86.43159867232815,3831,3303.9301066191565,2571.838698034775,77.84180097763885,0.01101770745387145,0.008576381908541096,78.0125,79.475,,
3.360980000000447,1763,,-4.753389891121837,28.871185581149515,38.210948553541726,86.48081554641392,3840,3304.513993712354,2591.5754922435913,78.42531449933931,0.011140399215673634,0.008736893121373976,78.0125,79.475,,
3.381610000000335,1763,,-4.768870174701638,29.38170368078613,38.20159404845688,86.49017777222949,3845,3304.06266043358,2603.199962218318,78.78785089011325,0.01128676402397782,0.008892598809530592,78.0125,79.475,,
3.406,1763,,-4.78137512147097,29.932633991833185,38.19568984114918,86.44014481110554,3851,3301.640961029008,2613.9811784283957,79.17218162975867,0.011450975331746494,0.009065986988029193,78.0125,79.475,,
3.429165000000037,1763,,-4.785964230346538,30.412568977949608,38.19084897701154,86.3991227475867,3854,3299.655848599366,2618.6582916536686,79.36155804749254,0.011613798209137181,0.009216891207263054,78.0125,79.475,,
3.4539500000001864,1763,,-4.786840381475276,30.86557976229194,38.18904883320522,86.31479731618012,3858,3296.2800097358136,2622.030689429098,79.54514427429498,0.011771631768738905,0.009363761473882105,78.0125,79.475,,
3.4775200000004842,1763,,-4.784406332264935,31.227882193350727,38.192178422812404,86.1839189899027,3862,3291.551611239574,2623.2113410134943,79.69528206867801,0.0119044476916929,0.009487283166612884,78.0125,79.475,,
3.504030000000261,1763,,-4.778671742394498,31.617783252430836,38.1846888071948,86.1502734984981,3864,3289.621384194871,2621.3588392546985,79.68573076066234,0.012061600563401068,0.009611374550378306,78.0125,79.475,,
3.5260800000000745,1763,,-4.773420661415971,31.88668709255949,38.17711775208808,86.13315129430897,3865,3288.3154593212516,2619.1236697808063,79.64940414571494,0.012174563370361232,0.009696967181835192,78.0125,79.475,,
3.5508849999997767,1763,,-4.766983598933277,32.151930950308724,38.18744878802554,85.88184824711897,3866,3279.6086817578366,2616.5803519135366,79.78330971215371,0.01228776747742359,0.00980358758322216,78.0125,79.475,,
3.572100000000559,1763,,-4.762231218634111,32.34775624910477,38.194819955100314,85.68148075507642,3867,3272.5887309265363,2614.4255484428063,79.88860695314469,0.012372796872479927,0.009884455062566466,78.0125,79.475,,
3.5932000000001865,1763,,-4.753655068524446,32.527101227722056,38.179960626673115,85.65827297607103,3867,3270.4294895752096,2609.845592669021,79.8013105308688,0.012463228215144114,0.009945819450138014,78.0125,79.475,,
3.6169350000005216,1763,,-4.743230741344208,32.70383592110896,38.18769692887206,85.48701966442418,3866,3264.5523982975565,2603.695486664487,79.75658433365315,0.012560545612422912,0.01001786215413905,78.0125,79.475,,
3.638964999999851,1763,,-4.733492729640829,32.84683627390037,38.1884033059748,85.40764413356848,3866,3261.581559585886,2597.9742326906057,79.65381779447095,0.012643249444349712,0.01007083087570278,78.0125,79.475,,
3.6644599999999627,1763,,-4.722894681441462,32.99412613194958,38.194054842940226,85.2749155710059,3865,3256.994802046097,2591.8611727407797,79.57830240049908,0.012729897140694361,0.010130236041894244,77.9,79.3625,,
3.6869199999999256,1763,,-4.7154288309846075,33.10072324685069,38.20175145645602,85.14930052950902,3865,3252.8524155193827,2587.518263790721,79.54613161807318,0.012792459751900668,0.010175906871435943,77.9,79.3625,,
3.708144999999553,1763,,-4.710022975398412,33.192639051236775,38.182346101303224,85.27034807685601,3864,3255.821942449112,2584.158229824116,79.37037944649535,0.012844662013399987,0.01019485697865542,77.9,79.3625,,
3.731125,1763,,-4.7057999800749135,33.28368068101504,38.15989165305084,85.40206653169717,3865,3258.9336057962037,2582.3992121985148,79.24062053935579,0.012888665905640173,0.010213058842873653,77.9,79.3625,,
3.7540449999999255,1763,,-4.7031807737931155,33.365969313030305,38.18285735360859,85.15039520497095,3866,3251.2853937148025,2581.804926460633,79.40874496750206,0.012923505169219479,0.010262393260687442,77.9,79.3625,,
3.7789199999999257,1763,,-4.699139719086288,33.443164055295526,38.19176018782723,85.04462232135232,3868,3248.0038209614263,2580.500745302234,79.44882110817197,0.012959951325795329,0.010296528544537293,77.9,79.3625,,
3.802394999999553,1763,,-4.696012877759699,33.50289492454173,38.19685113314457,84.95628458889533,3867,3245.062555267099,2578.5819225605555,79.46170154332553,0.012992759559592755,0.010324267823485493,77.9,79.3625,,
3.8243549999995157,1763,,-4.690175787735874,33.55617315998083,38.205139947583866,84.82160009302032,3867,3240.621102131834,2575.2361519986766,79.46736353424855,0.013030328552174689,0.010354858560263646,77.9,79.3625,,
3.8501850000005216,1763,,-4.684762336114355,33.608491992165305,38.20733600119016,84.75269540998923,3867,3238.1747105359855,2572.160211301457,79.43240996023067,0.013066251411750182,0.010378838387815831,77.9,79.3625,,
3.8721699999999255,1763,,-4.680456100047159,33.6504598088881,38.21205503394699,84.67168923102551,3867,3235.4792487132036,2569.7586176659156,79.42435788107575,0.013094794031453605,0.010400456075331457,77.9,79.3625,,
3.893379999999888,1763,,-4.676803133206711,33.68999542621372,38.213798184926524,84.629017069003,3867,3233.996178863583,2567.607250746422,79.39425740597727,0.013121163844828605,0.010417450597623244,77.9,79.3625,,
3.916445000000298,1763,,-4.672716451575956,33.73664376553561,38.229412684730214,84.42028721787224,3866,3227.337999015493,2564.890949137885,79.47388683553785,0.013153246837599556,0.010453396506912835,77.9,79.3625,,
3.9391550000002606,1763,,-4.667354486982603,33.79018247690424,38.23444002133735,84.30379373615513,3866,3223.3083451762186,2561.6098652538476,79.4714495461589,0.013190994825262254,0.010483074797194722,77.9,79.3625,,
3.966459999999963,1763,,-4.660654799848503,33.847621685365446,38.23459713054538,84.21780871185923,3864,3220.033987315273,2556.863946841581,79.40487451107263,0.013237943977103836,0.0105115728028654,77.9,79.3625,,
3.9883849999997767,1763,,-4.654576693093735,33.88814319189324,38.229499014442005,84.2163683630952,3862,3219.5495713368327,2552.4153245836183,79.27864653203011,0.013276892230468604,0.010525740461831775,77.9,79.3625,,
4.013419999999925,1763,,-4.648106651455053,33.92752536995322,38.22309365912212,84.22046124960436,3861,3219.1665783580925,2547.8978662420586,79.14774846915786,0.013315889078392908,0.010539226394198482,77.9,79.3625,,
4.036240000000223,1763,,-4.644996843406178,33.96345104430026,38.21807249539991,84.22367031736965,3860,3218.866338017895,2545.4928680274006,79.08041529909742,0.013342583462282426,0.010551370413601636,77.9,79.3625,,
4.062209999999963,1763,,-4.642564136616261,33.99446978574175,38.21902607362697,84.18293398134507,3858,3217.389748787445,2543.297570679904,79.04847622636983,0.013366296644813746,0.010565853825621663,77.9,79.3625,,
4.085275000000372,1763,,-4.639644591832187,34.01132572645825,38.212638510284904,84.22019816372543,3857,3218.2759876950004,2540.892894180503,78.95198870126568,0.013385580243998321,0.010568181801840404,77.9,79.3625,,
4.107140000000596,1763,,-4.636712651683147,34.014379692950556,38.20738551257508,84.25085708105291,3857,3219.0049762606545,2539.0390098127536,78.8765170770944,0.013396556556040867,0.010566737219668184,77.9,79.3625,,
4.135685000000522,1763,,-4.632637605529754,34.002060002193,38.204889391462245,84.23125722610627,3857,3218.045865627195,2536.8163815660437,78.83095790095645,0.013403437572096813,0.010566058229740619,77.9,79.3625,,
4.161254999999889,1763,,-4.630006648695101,33.976089942237195,38.210152877595846,84.1610682702869,3857,3215.807284949444,2535.4578329478245,78.84358757485944,0.013400376650214386,0.010565337699572795,77.9,79.3625,,
4.183165000000037,1763,,-4.62816421451562,33.95790721917731,38.21120779135647,84.15463048965866,3857,3215.6500722451697,2534.684567392646,78.8233952838944,0.013397291188034803,0.010560199790479025,77.9,79.3625,,
4.204104999999516,1763,,-4.628184762277896,33.944694452932765,38.20858406611518,84.17205600597931,3857,3216.0950779222158,2534.640213276201,78.81110949349562,0.013392312753160678,0.01055463026760484,77.9,79.3625,,
4.228379999999889,1763,,-4.628280297529217,33.94369588400651,38.18573194598067,84.32683741117303,3858,3220.082009235348,2534.9465314118734,78.72304258529834,0.0133903005303631,0.010541251988817174,77.9,79.3625,,
4.251100000000559,1763,,-4.6298030447462475,33.952545385198164,38.16766952397894,84.44915032458118,3858,3223.227261169433,2535.9126197868527,78.67619669072876,0.013388688995148392,0.010533711288132906,77.9,79.3625,,
4.275314999999479,1763,,-4.631031689293036,33.956834861531725,38.16466874027083,84.46023576194767,3859,3223.3969195799086,2537.351594372891,78.7166972506623,0.013382786578272448,0.010534487594520992,77.9,79.3625,,
4.299370000000112,1763,,-4.631386772273772,33.94605989921556,38.17301739761795,84.34207593876667,3859,3219.591532161754,2537.862640634838,78.82560925145751,0.013375846019280251,0.010543592117234483,77.9,79.3625,,
4.320354999999516,1763,,-4.630749773375019,33.93957045372739,38.169224158034865,84.34693799713556,3860,3219.4571834565354,2537.554239955317,78.81931938696881,0.013374914285310026,0.010542016408271826,77.9,79.3625,,
4.345259999999777,1763,,-4.630230992907022,33.933979533715686,38.17586218858085,84.24861397857929,3859,3216.263476825189,2537.0637334308235,78.88233509821741,0.013375296444692543,0.010550746161882332,77.9,79.3625,,
4.367259999999776,1763,,-4.629834990056872,33.929711793513086,38.18689071308108,84.10204763724933,3859,3211.5957018699787,2536.5568581066264,78.98120104687194,0.01337628671128602,0.01056475190004683,77.9,79.3625,,
4.388734999999404,1763,,-4.6289035293647,33.91475451821458,38.18455976533432,84.09106382754214,3858,3210.980252453326,2535.81932657222,78.97337034803455,0.01337427874408492,0.010562118683944648,77.9,79.3625,,
4.410214999999851,1763,,-4.627306988037945,33.90089450358557,38.18026991881291,84.08676397163048,3858,3210.455345036364,2534.3697909294715,78.94113197518296,0.013376459356845683,0.010559528434494259,77.9,79.3625,,
4.431644999999553,1763,,-4.624986597316017,33.89815733438292,38.18316878815783,84.02809401165912,3857,3208.4588965943744,2532.7739075971012,78.94051285137296,0.013383807071252899,0.010565245941085358,77.9,79.3625,,
4.4554199999999256,1763,,-4.621817935938773,33.8976006501389,38.18141057287036,84.02499884878517,3856,3208.1929794304265,2530.5445024406304,78.87756499267373,0.013395378195264193,0.01056594814198396,77.9,79.3625,,
4.481759999999777,1763,,-4.617045464970455,33.86525242502275,38.187609254668835,83.92451332733563,3857,3204.87652183254,2528.072131828696,78.8820447404679,0.01339568282038144,0.010566788515664461,77.675,79.1375,,
4.502394999999553,1763,,-4.614611352440455,33.82615792278711,38.188345468110654,83.88776614323585,3857,3203.534994025967,2527.0227141248947,78.88231965117754,0.013385775178717012,0.010559009964263536,77.675,79.1375,,
4.529485000000335,1763,,-4.612061285826259,33.785645497183744,38.18423492655634,83.90808294234395,3857,3203.9659513074366,2525.87394391085,78.83585475932168,0.013375824070172284,0.010544945236823412,77.675,79.1375,,
4.551775000000372,1763,,-4.609465308326925,33.762234766806266,38.190833357698075,83.83295396449114,3858,3201.6503747414554,2525.07977984608,78.86806753688678,0.013370759623628324,0.010545259730157977,77.675,79.1375,,
4.574459999999963,1763,,-4.606094036864251,33.73273646363045,38.19727001390864,83.75088138111985,3859,3199.055030017469,2523.4851424786702,78.88220486363095,0.013367519346873101,0.01054459399638594,77.675,79.1375,,
4.599390000000596,1763,,-4.601940733916322,33.68337467171425,38.19533326657428,83.72516087803294,3860,3197.910422534015,2521.830812623685,78.85870707489653,0.013356714694381277,0.010532932515671792,77.675,79.1375,,
4.623545000000857,1763,,-4.598791308875129,33.624217630905655,38.19898545848879,83.65901937816443,3860,3195.6896646979353,2520.288277320058,78.86523854807041,0.0133414173027301,0.010521740581491633,77.675,79.1375,,
4.64465500000026,1763,,-4.5964892046434445,33.569574095705384,38.19666257529022,83.66487886776987,3860,3195.719147514735,2519.33837435076,78.83478672742608,0.013324757975139542,0.010504544531646955,77.675,79.1375,,
4.669689999999479,1763,,-4.595426465800871,33.51285880987118,38.174568741506576,83.82611993106482,3862,3200.0259776422085,2519.4920474907144,78.73348732459621,0.013301434645625608,0.010472683360703087,77.675,79.1375,,
4.69168499999959,1763,,-4.594623029774797,33.46998176233805,38.162987842258445,83.9033102779746,3862,3202.0010100635827,2519.5470273807073,78.68664061822629,0.013284126630147906,0.010452832980734577,77.675,79.1375,,
4.714375,1763,,-4.593835155947808,33.42016495600685,38.16014385380984,83.91142639046069,3863,3202.0721020383553,2519.621305651985,78.68721332190053,0.013263963469843315,0.010437043230454569,77.675,79.1375,,
4.740825000000187,1763,,-4.591691993505636,33.35997536359088,38.15927396665162,83.9008555054295,3863,3201.5957312681353,2518.7148584139313,78.6706089658697,0.01324484002313708,0.010419796302757179,77.675,79.1375,,
4.762679999999702,1763,,-4.590374884845289,33.31414462459171,38.15476589999635,83.93092209984681,3863,3202.364684490485,2517.8164460058147,78.62366388812502,0.013231363500480835,0.010402982766434105,77.675,79.1375,,
4.784945000000298,1763,,-4.58854623838885,33.260918581438595,38.16551992500935,83.7915923576429,3863,3197.9496876738813,2516.8785144620433,78.702880291177,0.013215146615269896,0.010400701020919395,77.675,79.1375,,
4.8069100000001495,1763,,-4.587461024111772,33.199029058191684,38.17338366148514,83.67107154636331,3863,3194.0079155068993,2516.2335902741793,78.77981698347935,0.013193937632226815,0.010394159919582696,77.675,79.1375,,
4.831584999999963,1763,,-4.587023951084409,33.13463160683538,38.17445615627078,83.63056794893673,3863,3192.5514494907093,2515.902732356533,78.80539349672443,0.013170076561664074,0.010378730658239247,77.675,79.1375,,
4.8524850000003354,1763,,-4.585121757678367,33.10494463829009,38.17524610027419,83.60074159602989,3863,3191.47888459387,2514.564714899359,78.78995305398514,0.013165278444470284,0.010372916705824561,77.675,79.1375,,
4.876080000000075,1763,,-4.582340269273625,33.08308576841266,38.1879375207257,83.44867617361496,3862,3186.732831905279,2512.908851385051,78.85533503863381,0.01316525497937504,0.01038150592267661,77.675,79.1375,,
4.898665000000038,1763,,-4.578596317828629,33.05687393673588,38.18934842078209,83.41473885357986,3862,3185.5545255079105,2510.7314898053824,78.81615177831767,0.013166232259785879,0.010377117601358662,77.675,79.1375,,
4.925049999999814,1763,,-4.575286562297581,32.99599709378855,38.18158118031796,83.4769867603958,3862,3187.28334668038,2508.617809882903,78.70708490651386,0.013153058614109389,0.010352389011210612,77.675,79.1375,,
4.948165000000038,1763,,-4.573896260911984,32.95043293663144,38.182254949684186,83.43218401220429,3862,3185.628920962949,2507.735143343677,78.72025290960886,0.013139518750252521,0.010343462391304261,77.675,79.1375,,
4.970524999999442,1763,,-4.5739031484213175,32.92918596104944,38.175993970105814,83.43376488632163,3861,3185.166905203441,2507.572787829012,78.72657422543608,0.013131896358453717,0.010338292133845404,77.675,79.1375,,0.25668999999947845,3551,
4.997129999999888,1763,,-4.574468700645466,32.91915417983626,38.17580925739915,83.3518864230399,3861,3182.0257173303694,2507.611887171853,78.80551918592505,0.013127691070631869,0.010345345105335765,77.675,79.1375,,
5.019735000000336,1525,,-4.574445335895967,32.90610060116364,38.17991762790633,83.33138915839305,3861,3181.585573886453,2507.691808651444,78.81893321474246,0.013122067268249955,0.01034267343655551,77.675,79.1375,,
5.046430000000633,1525,,-4.574568248835449,32.89200395634893,38.18363241250622,83.3128555517193,3861,3181.187451623078,2508.0214521099674,78.83915959841808,0.01311472193695843,0.010339536558767405,77.675,79.1375,,
5.069525000000373,1525,,-4.574105232637417,32.90955288313416,38.18334021686303,83.37557983895132,3862,3183.5581307689044,2508.198004225155,78.78599671177878,0.01312079541874157,0.010337349447168952,77.675,79.1375,,
5.099884999999777,1525,,-4.572898937782921,32.934228371617,38.17708585127533,83.48303225014386,3860,3187.138889338529,2506.3122023212454,78.63831133011637,0.013140513117685278,0.01033347761586013,77.675,79.1375,,
5.124929999999702,1525,,-4.437112283568821,32.93048107521775,39.70100195668695,70.56122564585655,3821,2801.3513574323806,2407.206000093978,85.9301705838263,0.013679959701800398,0.011755212707555777,77.675,79.1375,,
5.148044999999925,1525,,-4.272714019258069,32.88840671217047,40.65294931652526,62.59277535843123,3692,2544.580924226956,2240.0284664095147,88.03133141030033,0.014682137841259879,0.012924881421156598,77.675,79.1375,,
5.170100000000558,1525,,-4.07414328309472,32.72136798518045,41.39646740589913,56.36574180619688,3595,2333.342593489555,2079.6723224370394,89.12846010010269,0.015733905592798535,0.014023387768465269,77.675,79.1375,,
5.196194999999367,1525,,-3.7776345060348318,32.201254656614175,42.06683235421743,50.76331245699654,3470,2135.4517548732306,1861.3126018345351,87.16247499326111,0.01730029368783953,0.01507936415942386,77.675,79.1375,,
5.219514999999665,1525,,-3.525030840896484,31.654666121980924,42.513390907420316,47.035757123710695,3354,1999.6495292267925,1678.5252495964448,83.94097190848652,0.018858617783433056,0.015830107055920386,77.675,79.1375,,
5.242070000000298,1525,,-3.292772605080886,30.993427418562952,42.86741149827509,44.08734917581049,3290,1889.9105389876072,1537.8785691714515,81.37308816719265,0.020153364537267068,0.01639941509356607,77.675,79.1375,,
5.269205000000074,1525,,-3.060343778850952,30.116074918446767,43.176353434955736,41.4910911329369,3219,1791.4340151576416,1398.8263318209893,78.0841672082405,0.021529531031376656,0.016811155009690174,77.675,79.1375,,
5.295979999999516,1525,,-2.8633444578129685,29.081818753607596,43.380486609346,39.78528155453012,3159,1725.9048737253545,1284.298250222648,74.4130380401846,0.022644131726073696,0.01685018635519273,77.45,78.9125,,
5.318024999999441,1525,,-2.7374372452262907,28.289115586857694,43.524151358049465,38.5783952506229,3121,1679.0919140387675,1212.8994902472095,72.23544346240034,0.023323544790254544,0.016847866010391937,77.45,78.9125,,
5.339165000000038,1525,,-2.6482117887809133,27.520712480856332,43.635827499115166,37.634018537649304,3099,1642.1915410073675,1165.0537018855587,70.9450556036162,0.023621840294843034,0.016758527731773807,77.45,78.9125,,
5.361910000000149,1525,,-2.5719718562768343,26.76236454020356,43.720117207198776,36.89850399066287,3073,1613.2069192420722,1122.2037878426715,69.56353673277778,0.023848043314531688,0.016589542371153006,77.45,78.9125,,
5.385160000000149,1525,,-2.5228701295722136,26.00177453862402,43.78551637623465,36.32154381378338,3060,1590.3575514685365,1095.9709218106248,68.91349186216678,0.023724876291122004,0.016349640692191497,77.45,78.9125,,
5.4099900000002235,1525,,-2.486693536772935,25.239725219647287,43.817200230082,36.00647584733068,3044,1577.7029617820997,1074.8867174137247,68.12985355618416,0.023481288596045136,0.015997767533590525,77.45,78.9125,,
5.433264999999665,1525,,-2.458868030351574,24.65358908636821,43.82835008428533,35.85972351980512,3031,1571.6725163516996,1058.1475693301518,67.3262119379942,0.023298819371644814,0.015686212509204035,77.45,78.9125,,
5.455095000000671,1525,,-2.448929864460751,24.08525907981096,43.85938273559235,35.540718656897766,3024,1558.7939822708868,1051.3066211334922,67.44358992212202,0.022909832959905497,0.01545121379332181,77.45,78.9125,,
5.480919999999926,1525,,-2.45416840136893,23.513046252120393,43.86224125319641,35.37428026483944,3016,1551.595215134572,1051.0115955335732,67.73748625168436,0.02237182382386884,0.015154111086944203,77.45,78.9125,,
5.502824999999255,1525,,-2.4615359772837073,23.08104719784572,43.86614502451301,35.160650611133185,3009,1542.3621988642003,1051.6435287938555,68.1839537800063,0.021947595897174106,0.014964738642351753,77.45,78.9125,,
5.52394000000041,1525,,-2.4731214204408927,22.66835713470347,43.85558730046086,35.03486710532433,3005,1536.4746728975956,1055.1059200970642,68.67057028068473,0.021484437441710212,0.014753485712819356,77.45,78.9125,,
5.546900000000372,1525,,-2.485825096712035,22.270624336746764,43.84819613016174,34.89222172972693,2997,1529.9609818221575,1057.8733373604082,69.14381150429726,0.021052259802970492,0.014556334835560859,77.45,78.9125,,
5.569445000000298,1525,,-2.500303829427963,21.938771716482652,43.843555403630745,34.835849867274064,2994,1527.327513688393,1062.9690181224105,69.59666532526556,0.02063914501970574,0.01436415668536082,77.45,78.9125,,
5.595035000000149,1525,,-2.516946404824436,21.62914544007111,43.83317848872145,34.81305770861685,2990,1525.9669722799626,1068.627525938124,70.02953178871735,0.020240116331537848,0.014174058700467666,77.45,78.9125,,
5.622450000000186,1525,,-2.53762066492124,21.30693845168439,43.812756432545434,34.94191294666772,2988,1530.9015212195588,1076.6775968320644,70.32964445514123,0.019789525215697185,0.013917902723560355,77.45,78.9125,,
5.646974999999627,1525,,-2.554804106318094,21.067726624268627,43.80824649724356,34.94122400314771,2987,1530.7137540452982,1083.5362374866054,70.78633968128182,0.019443490577793494,0.013763335286294927,77.45,78.9125,,
5.6703300000000745,1525,,-2.571912825646532,20.884468449847684,43.79429959831304,34.96593974755549,2986,1531.3088410410073,1090.4848316236107,71.21259947028598,0.01915154419777947,0.013638312461939486,77.45,78.9125,,
5.692310000000521,1525,,-2.5865482306477587,20.740828226302295,43.77607358225732,35.072113531676216,2986,1535.3194226479407,1096.5681541137744,71.42280218291911,0.018914308379732805,0.013509129058323853,77.45,78.9125,,
5.718075000000186,1525,,-2.603748355229997,20.58841974791913,43.77171743877037,35.080534775756554,2986,1535.5352558053735,1103.6951670194567,71.87690174137872,0.01865408163697811,0.013407975928967324,77.45,78.9125,,
5.74043499999959,1525,,-2.616881053215692,20.458389641322405,43.76413821442554,35.11655314379249,2985,1536.8456853991543,1109.220512409764,72.17513917942087,0.018443933746660413,0.013311934851812326,77.45,78.9125,,
5.762270000000484,1525,,-2.6302120031065077,20.35395868261905,43.76235237701479,35.09172410410005,2986,1535.6963957606101,1114.9071809058412,72.59945285953754,0.018256191215919735,0.01325389493574868,77.45,78.9125,,
5.78925,1525,,-2.646360377514343,20.2483860742311,43.756774770795474,35.13175419366294,2986,1537.2522555550588,1121.8606286460924,72.97830428233914,0.018048931887972294,0.013171804432916557,77.45,78.9125,,
5.812070000000298,1525,,-2.658720758141261,20.18383801713829,43.76052959064087,35.06261681208682,2986,1534.3586805306275,1127.122245589534,73.45885026047112,0.017907408088269308,0.013154576093093244,77.45,78.9125,,
5.834445000000298,1525,,-2.6687446575283698,20.13333196250818,43.753699205255145,35.07450124613701,2986,1534.6391772978257,1131.4379074113738,73.72664038224256,0.017794464751999868,0.013119261035651853,77.45,78.9125,,
5.860570000000298,1525,,-2.6811520063755587,20.08878395331728,43.745348613360925,35.07005137481566,2986,1534.1516232797887,1136.7100664138723,74.09372379920015,0.017672742194228992,0.013094392789136733,77.45,78.9125,,
5.8834450000002985,1525,,-2.6905076047432344,20.05520006562544,43.74820651043217,35.00524065772573,2986,1531.4164972415615,1140.6551498010074,74.48366606051283,0.017582176408991065,0.01309584956264317,77.45,78.9125,,
5.905389999999665,1525,,-2.6991857956567635,20.040546862425277,43.75057848656662,34.95147353873172,2986,1529.1471862774383,1144.3736662178842,74.83737840853317,0.0175122404980347,0.013105701689326623,77.45,78.9125,,
5.932384999999776,1525,,-2.7071313227341363,20.02510955088404,43.73829754929535,35.07740620563892,2986,1534.2260298797346,1147.8527434373566,74.81640391196692,0.017445713019700507,0.013052255118141733,77.45,78.9125,,
5.9530800000000745,1525,,-2.713359564133251,20.006107576916108,43.72397206492934,35.25904281770869,2987,1541.6654031976423,1150.8685295536916,74.65099282675864,0.017383486526192964,0.012976945279708866,77.45,78.9125,,
5.9739399999994784,1525,,-2.719983079050979,19.99835958301858,43.708501199996746,35.41140797119025,2989,1547.7795678023433,1154.2906389721254,74.57719839337821,0.017325237602920138,0.012920676819253914,77.45,78.9125,,
5.997049999999814,1525,,-2.7267910620652858,19.998311465875314,43.72042145311369,35.31674595668983,2991,1544.0630175790282,1158.0399393294078,74.99952567642771,0.01726910341059207,0.012951745646515855,77.45,78.9125,,
6.018120000000112,1525,,-2.731729361559763,20.009454804922857,43.72499836952667,35.32778168600032,2992,1544.7071966193582,1160.425526762197,75.12268534139194,0.017243204620595476,0.012953558349902297,77.45,78.9125,,
6.061144999999553,1525,,-2.7390855552424713,19.98183079473457,43.74828719187568,35.315390948015235,2992,1544.9878654871372,1163.6557977308544,75.31811891376582,0.01717159905334501,0.01293332539439348,77.45,78.9125,,
6.08531500000041,1525,,-2.742470511781469,19.95747615596731,43.75921415456317,35.30736841416998,2992,1545.0226956697234,1165.177794413566,75.41493064660094,0.01712826682043997,0.012917270543599563,77.45,78.9125,,
6.111885000000708,1525,,-2.745731026786772,19.938852088250034,43.775760622653046,35.25631677441965,2993,1543.3720835534218,1166.6424060497543,75.59048258561899,0.01709080004708803,0.012919018233337042,77.225,78.575,,
6.134490000000223,1525,,-2.746879671205307,19.917579022208514,43.77418397689003,35.330407194614956,2993,1546.5597445155142,1167.1711529674772,75.46886934737287,0.017064831470148156,0.012878635366555483,77.225,78.575,,
6.160399999999441,1525,,-2.748241917031503,19.870873643423195,43.78305440030087,35.319072660052164,2993,1546.376879643243,1167.8255750326466,75.52011352511101,0.01701527528446849,0.012849955211440764,77.225,78.575,,
6.182305000000634,1525,,-2.7490931143741313,19.82567101946672,43.794204995506604,35.261827341070955,2994,1544.263695091021,1168.4574512143788,75.66437357355011,0.016967388071223204,0.012838267895884303,77.225,78.575,,
6.204445000000298,1525,,-2.7494823223296785,19.792000289476867,43.79541562357317,35.275765761312414,2994,1544.916822956489,1168.761397789809,75.65205973698727,0.016934166654463956,0.012811045873396052,77.225,78.575,,
6.226540000000037,1525,,-2.7487621804648557,19.77119256126826,43.750272852916666,35.644931425547384,2994,1559.4754756912018,1168.6198110407183,74.93672258762226,0.01691841296414525,0.012678104189169844,77.225,78.575,,
6.248450000000187,1525,,-2.752680558456328,19.745507288967453,43.72456105009884,35.834192305199636,2995,1566.8343291296837,1170.7215128698417,74.71890876428094,0.01686610100856899,0.012602166624684132,77.225,78.575,,
6.270594999999739,1525,,-2.758684534948864,19.718150856170983,43.75010248632643,35.6357133292538,3000,1559.0661103282025,1175.1685677126236,75.37644234119337,0.016778997837349298,0.012647411630299674,77.225,78.575,,
6.292665000000037,1525,,-2.7626082076464744,19.701054736460772,43.763513554447364,35.53632186047664,3002,1555.1943034161736,1177.6312236367332,75.7224496675382,0.01672939230977626,0.012667905671455332,77.225,78.575,,
6.318844999999739,1525,,-2.7632041157693337,19.715213510299517,43.77316436939121,35.452158075797946,3002,1551.8531427015434,1177.8131479876342,75.89720416051988,0.016738829536742873,0.01270430362758314,77.225,78.575,,
6.340710000000894,1525,,-2.761902919786913,19.724666260589714,43.78471949098942,35.339015708667695,3001,1547.3088898916835,1176.6602213717126,76.04559303308098,0.016763264281676262,0.012747723734703354,77.225,78.575,,
6.361855000000447,1525,,-2.7598929383735573,19.719084270992596,43.7881570012282,35.309271070453505,2999,1546.127905231943,1175.3603020955927,76.01960343114501,0.016777054862100346,0.012753850573594315,77.225,78.575,,
6.384650000000373,1525,,-2.756759494980549,19.708262760681443,43.78921213955617,35.303718144175676,2998,1545.922003130407,1173.4731296015025,75.90765428173505,0.016794813842370755,0.012748549228727774,77.225,78.575,,
6.406544999999926,1525,,-2.7537905647539525,19.716230876469144,43.79931562424305,35.20908038963213,2997,1542.133624824844,1171.8918770168345,75.99159101079444,0.016824274716075976,0.012785034032772952,77.225,78.575,,
6.428714999999851,1525,,-2.7501917481540468,19.739265689250843,43.794725870977445,35.20737605414637,2996,1541.8973829277559,1169.772849638855,75.8658042092068,0.016874443354831636,0.012801932156970076,77.225,78.575,,
6.451600000000559,1525,,-2.746493589647995,19.757918947152763,43.78681924256314,35.225013096935655,2995,1542.3912812924407,1167.96214825791,75.72411504292353,0.016916574716589024,0.012809926499711988,77.225,78.575,,
6.475480000000447,1525,,-2.742743661175077,19.7727161202567,43.79250017191481,35.09464324534078,2994,1536.882170354875,1165.7423315538756,75.85111949634363,0.01696148075355612,0.01286547303472918,77.225,78.575,,
6.4974400000004096,1525,,-2.740178617076533,19.783984597067,43.79757119790695,35.044090367548336,2992,1534.8460429385832,1164.2085938899104,75.85181583821539,0.01699350503071257,0.012889882140353966,77.225,78.575,,
6.518455000000075,1525,,-2.738379936292213,19.812688467580347,43.78881576595784,35.103812558149016,2992,1537.1543807915045,1163.136384967618,75.66815666027644,0.017033848071163156,0.012889198843761215,77.225,78.575,,
6.541905000000261,1525,,-2.7370324392376526,19.841194380738198,43.784665762326846,35.126556829394005,2991,1538.004550156396,1162.1906366428216,75.56483734229793,0.01707223733797473,0.012900608375131656,77.225,78.575,,
6.566230000000447,1525,,-2.7364602974917793,19.85950507934269,43.78224947701532,35.097829566992104,2990,1536.661930203813,1161.8303152767248,75.60741191282243,0.017093292211619173,0.012923795851901303,77.225,78.575,,
6.5907900000000375,1525,,-2.734933104385941,19.866759865306292,43.7792553119891,35.08034501033518,2990,1535.7913806401266,1160.9781277178286,75.59478079854351,0.01711208798081236,0.012935845399149014,77.225,78.575,,
6.612820000000298,1525,,-2.7338106071355126,19.8720921820025,43.77726737513165,35.116001420322675,2990,1537.2825833229685,1160.3973990208794,75.48367565009295,0.017125247091013974,0.012926765968457966,77.225,78.575,,
6.6356749999998135,1525,,-2.7327716781169626,19.889100048149462,43.77768676459555,35.13480142011154,2990,1538.12033110591,1160.0378224098888,75.41918528414617,0.017145216874766545,0.012930782882148877,77.225,78.575,,
6.661145000000484,1525,,-2.7325142457953877,19.90111142097599,43.77997712149218,35.1308602782451,2990,1538.028259239909,1160.11351489057,75.4286215432671,0.017154451840734917,0.012939366556769956,77.225,78.575,,
6.684145000000484,1525,,-2.731306208746944,19.900116356048862,43.76933221530982,35.18987518154157,2991,1540.2373374361787,1159.7226684476216,75.29506266729337,0.017159375165690865,0.012920162284322915,77.225,78.575,,
6.705635000000708,1525,,-2.7312625472988596,19.896082336948027,43.76843698396233,35.16269667602355,2991,1539.0162736507184,1159.7877947119518,75.35903385614017,0.01715493336596931,0.0129277920432591,77.225,78.575,,
6.7295099999997765,1525,,-2.7307100628573746,19.896667984589357,43.760240223683745,35.19118541685568,2991,1539.974727597801,1159.7585521039398,75.31023277979642,0.01715587089096643,0.012920126303388154,77.225,78.575,,
6.751580000000074,1525,,-2.729797131884968,19.88679090276781,43.76232564908085,35.15504662657378,2991,1538.466598680743,1159.4381958890508,75.3632348523709,0.017152092257508154,0.012926371570121196,77.225,78.575,,
6.777724999999627,1525,,-2.7287736564806813,19.865823241841337,43.74993873416546,35.20072098872017,2991,1540.0293866549598,1158.9433288073292,75.2546242851006,0.017141324125214383,0.01289963906792139,77.225,78.575,,
6.800129999999888,1525,,-2.728664877820579,19.84551049382075,43.74736315245679,35.168082787487755,2991,1538.5108890798917,1158.9404337394546,75.32871180603476,0.017123839945584543,0.01289916804273604,77.225,78.575,,
6.822980000000447,1525,,-2.726688630569646,19.840679024239936,43.75470383156779,35.08310091533766,2991,1535.0506900436042,1157.942759086458,75.43351933567521,0.017134421255756156,0.012925096971016865,77.225,78.575,,
6.850125,1525,,-2.7238723180944184,19.830282694820163,43.7529870695044,35.12868137485392,2991,1536.9847419627235,1156.6663992055167,75.25555508953578,0.017144340588125546,0.01290206867603446,77.225,78.575,,
6.872105000000447,1525,,-2.7219351683217288,19.818323184862695,43.75637022466397,35.09102246571732,2991,1535.4557705719278,1155.864135088113,75.27824358350458,0.01714589334788203,0.012907127358986544,77.225,78.575,,
6.894325000000186,1525,,-2.721158638435444,19.80313578986352,43.761977112749776,35.04060424193832,2991,1533.4461208526275,1155.512106041912,75.35394236084562,0.017137973445987623,0.012914138632306539,77.225,78.575,,
6.915955000000075,1525,,-2.721671973989484,19.79891159362336,43.7546546721855,35.075560670412216,2990,1534.719044567178,1155.3499370148506,75.28087574756609,0.01713672278788454,0.012900674989152204,77.225,78.575,,
6.9379199999999255,1525,,-2.721772874696028,19.825580678993806,43.75504649220332,35.053412630828674,2989,1533.7636993722958,1155.1220697941726,75.31290969181987,0.017163190971259394,0.012926098516419167,77.225,78.575,,
6.963915000000037,1525,,-2.724473349198705,19.840057640399046,43.73992611419303,35.1665522430054,2988,1538.1823967999653,1156.018118305269,75.15481393560665,0.01716241062855028,0.012898377774751746,77.1125,78.4625,,
6.986724999999628,1525,,-2.726499062687955,19.83700016907778,43.730685277489236,35.23313539115066,2988,1540.7691551295773,1156.8318114577628,75.08144926229876,0.01714769595078865,0.012874738634944639,77.1125,78.4625,,
7.007864999999292,1525,,-2.728615849698639,19.81937138530641,43.71958017377973,35.30919919992287,2988,1543.7033652929872,1157.7215783723095,74.9963758842088,0.017119289953264335,0.012838847042057715,77.1125,78.4625,,
7.03109500000067,1525,,-2.729242253889005,19.817059220441013,43.722443637482414,35.2669846463852,2988,1541.9587484655344,1157.7948642957547,75.08598173900069,0.017116209297140927,0.012851873787260373,77.1125,78.4625,,
7.055279999999329,1525,,-2.729461100664685,19.82898692569551,43.72323861033112,35.28057503573014,2988,1542.5810005969204,1157.8064708287409,75.0564456829634,0.01712633969950281,0.012854421854037125,77.1125,78.4625,,
7.0788349999999625,1525,,-2.729804182192991,19.82951345287843,43.72401082370434,35.24936038042737,2988,1541.2434148024613,1157.9020751093876,75.12778734290937,0.017125380357406413,0.012865919336576662,77.1125,78.4625,,
7.100279999999329,1525,,-2.730061816420899,19.82990884409904,43.72875808840707,35.264590016435136,2987,1542.076725915547,1157.99395247178,75.09314763727252,0.017124363043322793,0.01285922322206492,77.1125,78.4625,,
7.121075000000186,1525,,-2.730840094933768,19.83572995829917,43.74198226727434,35.20054667065371,2988,1539.7416882660973,1158.36673647616,75.23123815531659,0.01712387738156309,0.012882504974348117,77.1125,78.4625,,0.23700000000000002,-4399,
7.144150000000373,1525,,-2.731199887975844,19.853206442977093,43.735375115246555,35.21488843899927,2988,1540.1363555211922,1158.7048227359328,75.2339115028435,0.017133963761451963,0.012890551133220046,77.1125,78.4625,,
7.166384999999776,1763,,-2.732391746167622,19.874659770511528,43.745718437906135,35.10215496050684,2988,1535.5689874660823,1159.2723082152897,75.49464190002053,0.01714408222267359,0.012942863481052506,77.1125,78.4625,,
7.1910099999997765,1763,,-2.7358076881552136,19.87758117110284,43.69947615957723,35.50240810684625,2988,1551.436636672709,1160.754706596821,74.81805438643214,0.01712470434807133,0.012812370612655716,77.1125,78.4625,,
7.2139699999997395,1763,,-2.738416587399539,19.87981189515508,43.672740385928876,35.74036249770431,2992,1560.8795726612288,1163.3303269064666,74.53043446029864,0.01708870768289826,0.012736288079714506,77.1125,78.4625,,
7.236020000000484,1763,,-2.7445767872038282,19.886324950771222,43.7078315187019,35.502527754171275,2994,1551.7385015673563,1166.7252901467973,75.18826715766409,0.017044564919192866,0.012815513007304226,77.1125,78.4625,,
7.262,1763,,-2.7488108469513413,19.922432252709207,43.722783760283136,35.37101260247491,2997,1546.5191354002602,1169.6307336516272,75.62989082245728,0.017033095728008693,0.012882111702777612,77.1125,78.4625,,
7.285479999999516,1763,,-2.769651095146426,19.951752045500413,43.23928233313238,39.56177954157362,3010,1710.6229551992424,1183.6442389137947,69.19375396642748,0.01685620678034957,0.011663442247667348,77.1125,78.4625,,
7.311069999999367,1763,,-2.854309080281574,19.98106660402052,42.41005130692587,46.87458701148515,3070,1987.9536401480461,1244.1074295441038,62.58231602681907,0.016060563685679836,0.010051072721460696,77.1125,78.4625,,
7.334200000000187,1763,,-2.993415096694414,20.057774152691035,41.80382672340572,52.19380828211504,3129,2181.9009174601956,1329.651354732583,60.940042881522814,0.015084987565575051,0.009192797891133822,77.1125,78.4625,,
7.360480000000447,1763,,-3.212232114151719,20.293805557266765,40.96933576308594,59.740691391040144,3206,2447.536444318421,1462.0174338310414,59.734245723894716,0.013880686432096287,0.00829152334151171,77.1125,78.4625,,
7.384205000000074,1763,,-3.4064796312810017,20.551204559592676,40.344984511237534,65.39381822348885,3325,2638.3125833573404,1608.3142878455142,60.959959710266055,0.012778102336653935,0.007789526036160804,77.1125,78.4625,,
7.410345000000671,1763,,-3.638283166380527,20.92497233111055,39.69896000591202,71.17054285002934,3426,2825.396534202362,1769.8970754816037,62.64243103778222,0.011822705749946896,0.0074060302962103974,77.1125,78.4625,,
7.433055000000634,1763,,-3.8438092285391203,21.38920456755307,39.256374966153125,75.11112228153647,3481,2948.590380412574,1899.5064571294113,64.42083206089913,0.011260401083277732,0.007254044071242014,77.1125,78.4625,,
7.459590000000782,1763,,-4.069126057459949,22.117934502948618,38.88163120195926,78.42490760650668,3565,3049.288334603922,2059.63991606548,67.54493803332018,0.010738738519498301,0.0072534742785554124,77.1125,78.4625,,
7.480980000000447,1763,,-4.228347065828395,22.725971269204802,38.66384791855537,80.3337127530779,3640,3106.010452617916,2185.4857525616817,70.36311647694663,0.010398590447257284,0.007316772308364289,77.1125,78.4625,,
7.502394999999553,1763,,-4.362018003738443,23.338329948438474,38.494732132831864,81.80874885098703,3678,3149.2058731408624,2277.848883150206,72.33089784880885,0.010245776232601598,0.0074108619406205965,77.1125,78.4625,,
7.52544000000041,1763,,-4.4853197406560446,24.007657068935558,38.36335313497547,82.93756954458455,3717,3181.7632685954836,2366.7835697849387,74.38591026382994,0.010143579402622374,0.007545393871975015,77.1125,78.4625,,
7.549159999999218,1763,,-4.57877676985595,24.725936495884635,38.266807416302484,83.75560406532897,3736,3205.059570804025,2428.6375264207873,75.7751134657237,0.010180990875293179,0.007714657387688385,77.1125,78.4625,,
7.5740999999996275,1763,,-4.658935834082605,25.59393644789372,38.188470486626095,84.41219111621487,3764,3223.572469153013,2490.03689467085,77.2446383166035,0.010278537038013206,0.007939618759251433,77.1125,78.4625,,
7.59703000000026,1763,,-4.7132555434912335,26.303490464690828,38.13695681367307,84.83267894474218,3789,3235.260213303826,2535.894716675182,78.38302175037548,0.010372469445094868,0.00813025498119976,77.1125,78.4625,,
7.6180849999999625,1763,,-4.746064025641218,26.942462210667113,38.10465104915461,85.08165734509805,3802,3242.0068638187036,2561.7528102073306,79.017501128603,0.010517198264920249,0.008310427257680773,77.1125,78.4625,,
7.6415600000005215,1763,,-4.772369848257568,27.59886583802434,38.08280133931007,85.22322867985626,3817,3245.539287309559,2586.3017840869074,79.68789021287317,0.010671169933777896,0.00850363018125806,77.1125,78.4625,,
7.664544999999926,1763,,-4.783820685508242,28.223629762552704,38.059549581211265,85.36835893119532,3825,3249.0812894084675,2597.74112525248,79.95309731771681,0.010864681429643837,0.008686649316703043,77.1125,78.4625,,
7.689395000000484,1763,,-4.789747328784546,28.828074882082745,38.04848745868031,85.38886232302028,3832,3248.9170572084167,2605.9123019935523,80.20864356052978,0.01106256525211111,0.008873133531716823,77.1125,78.4625,,
7.712015000000596,1763,,-4.794208384460647,29.283047993447887,38.042313105083636,85.38692752597278,3837,3248.316232024141,2612.114505362815,80.41441530879258,0.011210476391187359,0.009014839043303545,77.1125,78.4625,,
7.734075000000186,1763,,-4.792248187010095,29.73434952972192,38.03529025159651,85.38092083093036,3841,3247.4881057530188,2613.269318717024,80.47048160353665,0.011378218584956221,0.009156107293217383,77.1125,78.4625,,
7.758959999999963,1763,,-4.787677502469475,30.122715827030444,38.02780010919775,85.37885227590738,3845,3246.769927900929,2613.768268195013,80.50364904928271,0.011524631388930378,0.009277748807567987,77.1125,78.4625,,
7.7830849999999625,1763,,-4.77756123893511,30.56455599604566,38.031451943467914,85.24978791569983,3849,3242.1732123067695,2610.8832262238634,80.52880137043171,0.01170659633071808,0.009427181706402207,76.8875,78.2375,,
7.809730000000447,1763,,-4.764747641889355,30.951657030464855,38.036445754395416,85.14473619401251,3853,3238.6031395158648,2606.4484902653576,80.48063865753532,0.011875031156788266,0.009557100915764501,76.8875,78.2375,,
7.832274999999441,1763,,-4.752064760909092,31.21405325501225,38.04286088895024,85.04574991753657,3855,3235.383633309295,2600.7677156916725,80.38514162326682,0.012001861245309596,0.009647713159470094,76.8875,78.2375,,
7.858365000000224,1763,,-4.738599920830115,31.490485180482047,38.04462220153586,84.96159707383885,3856,3232.331862313313,2594.3634705681893,80.26290557651642,0.012138039074989497,0.009742342841599489,76.8875,78.2375,,
7.88155999999959,1763,,-4.727995915783896,31.71178218089079,38.05634900334058,84.79061201982225,3857,3226.8211232332,2588.9769319210204,80.23304772862419,0.012248769693502309,0.009827561234356963,76.8875,78.2375,,
7.903274999999441,1763,,-4.7173724555887455,31.917988539048867,38.05048238795047,84.7920209330376,3857,3226.3772991512747,2583.275608582297,80.0673749242486,0.012355626489488467,0.009892825785578506,76.8875,78.2375,,
7.929984999999404,1763,,-4.703445840951617,32.11588284799265,38.05259871972733,84.7107110706282,3857,3223.462695633378,2575.9066778216584,79.91116761832166,0.012467797503887747,0.00996316256164466,76.8875,78.2375,,
7.951304999999702,1763,,-4.692476902562529,32.24884721217642,38.055136353391305,84.62135242048066,3858,3220.277104769771,2570.274508365183,79.81532100321972,0.0125468494151966,0.010014308136529763,76.8875,78.2375,,
7.973580000000075,1763,,-4.681432389155931,32.370284586376414,38.05448374462242,84.5753804515826,3858,3218.4724405900065,2564.5728444390716,79.6829207575547,0.012622095978504565,0.01005765473649429,76.8875,78.2375,,
8.00096999999974,1763,,-4.668842453407984,32.49795473499892,38.07620016245045,84.3163809739787,3859,3210.4473989386415,2557.9477482503316,79.67574080472326,0.012704698427568713,0.010122562589171399,76.8875,78.2375,,
8.027375,1763,,-4.65923345820091,32.58433387605104,38.093498225394725,84.11152872667569,3859,3204.102370284858,2552.8516537306223,79.6744722455189,0.012763896338603838,0.010169567045747719,76.8875,78.2375,,
8.050879999999887,1763,,-4.652255119084354,32.64706498641883,38.10573451646102,83.92679459798386,3859,3198.0921537683275,2548.81659447572,79.69803470085867,0.012808714858957586,0.010208294013026057,76.8875,78.2375,,
8.072339999999851,1763,,-4.643944508858915,32.70584231681132,38.11585643725563,83.7714531453693,3858,3193.020681629183,2543.916244641054,79.67114836672668,0.012856493363611545,0.010242915902481326,76.8875,78.2375,,
8.097419999999925,1763,,-4.634852855885283,32.77234988552877,38.11456486068365,83.7423857953431,3857,3191.8045949849975,2538.4395665660345,79.52991766959863,0.012910431399343001,0.0102676554626875,76.8875,78.2375,,
8.122849999999627,1763,,-4.626412993391651,32.82753512133839,38.11947356667909,83.64614512973819,3857,3188.5470182276576,2533.6235774160405,79.46012910997769,0.012956753092271945,0.010295452735580314,76.8875,78.2375,,
8.144570000000298,1763,,-4.620490785474839,32.86454745389245,38.12312502768764,83.56192622776423,3856,3185.641761135467,2529.6511269358552,79.40789695179676,0.012991731193265769,0.010316460518202918,76.8875,78.2375,,
8.165549999999813,1763,,-4.615128461503035,32.90667868987274,38.130322680511625,83.45330676024976,3855,3182.1015155240457,2525.983408024844,79.38098126982133,0.013027274282693586,0.010341178158313247,76.8875,78.2375,,
8.188530000000261,1763,,-4.609711442933015,32.95673812829196,38.12483308548058,83.46719647484676,3853,3182.1729337165457,2522.0292383341653,79.25493965498033,0.01306754799958637,0.010356677281457767,76.8875,78.2375,,
8.211044999999926,1763,,-4.604637839476663,33.00364233479064,38.118248116790305,83.48772012277962,3852,3182.4056303452603,2518.5429913664784,79.13959701903998,0.013104260061442887,0.010370658604952903,76.8875,78.2375,,
8.232514999999665,1763,,-4.599040751431418,33.040291623161636,38.12134324724485,83.42840252239394,3852,3180.4027691254873,2515.4138883984015,79.09104824135412,0.013135131270265365,0.01038871300953077,76.8875,78.2375,,
8.255785000000149,1763,,-4.594197906703753,33.049451162780294,38.11800276071314,83.4188569571497,3852,3179.7602197881665,2512.718790321663,79.02227264447816,0.013152865052021798,0.01039369288196895,76.8875,78.2375,,
8.281875,1763,,-4.589334318234917,33.046964753641525,38.11574158507344,83.44758624225257,3852,3180.666633107828,2509.6914345233936,78.9045732866124,0.013167740184728069,0.01038994920424947,76.8875,78.2375,,
8.303839999999852,1763,,-4.586544399481066,33.045274052505,38.11364943458748,83.45178768961567,3851,3180.652180691635,2507.9471276112918,78.85009064606169,0.013176224366412043,0.010389464856644364,76.8875,78.2375,,
8.326724999999627,1763,,-4.584997831747706,33.03719412110644,38.11410463831368,83.4159041524621,3851,3179.322499366485,2507.03679703011,78.85443510463833,0.01317778588660646,0.010391268620182277,76.8875,78.2375,,
8.353930000000632,1763,,-4.584059438491949,33.022313399733655,38.11327698763905,83.4034238410846,3850,3178.7777945727157,2505.9618011922184,78.83412944027641,0.013177500704130124,0.010388367962087279,76.8875,78.2375,,
8.376820000000299,1763,,-4.583520984959464,33.016322199058045,38.10890752023133,83.42328333313255,3850,3179.1701895764036,2505.565009085966,78.81191819491143,0.013177196392562353,0.010385201241289062,76.8875,78.2375,,
8.399814999999478,1763,,-4.582926653848193,33.02454594158998,38.108467751409954,83.3920901574914,3850,3177.9447784894323,2505.354106294713,78.83567150860246,0.01318158812704985,0.010391793515457964,76.8875,78.2375,,
8.425564999999478,1763,,-4.580332669151346,33.02315944920797,38.11104719146838,83.33535672452601,3852,3175.9977128462624,2505.053706030097,78.87454376612635,0.013182615354599194,0.010397727717383433,76.8875,78.2375,,
8.447879999999888,1763,,-4.5781067607498365,33.01043368101748,38.102781711256874,83.39489300198747,3854,3177.577403888352,2504.8980262524638,78.8304329955034,0.013178354302272271,0.010388553758162783,76.8875,78.2375,,
8.468560000000522,1763,,-4.575208766162711,32.99215082738819,38.111608874915675,83.30718780239332,3854,3174.97095799396,2503.377412184414,78.84725389003626,0.01317905588937933,0.010391323657408696,76.8875,78.2375,,
8.491790000000037,1763,,-4.572478758621695,32.982565988032896,38.1103194160452,83.29059073114253,3853,3174.2310171149356,2501.406758912988,78.80355101521633,0.013185606807253456,0.010390726387019813,76.8875,78.2375,,
8.514925000000746,1763,,-4.570735433037949,33.00716527347694,38.11604354316903,83.20931666081702,3852,3171.6099370410416,2500.023740942562,78.82506961984623,0.013202740731187032,0.010407069573085972,76.8875,78.2375,,
8.542054999999703,1763,,-4.570694961657198,33.048386866127125,38.10883219607516,83.2563209139476,3851,3172.8011629722123,2499.0026383280065,78.76329180322773,0.013224630642342427,0.010416154422727236,76.8875,78.2375,,
8.56397000000067,1763,,-4.570623473559655,33.0782383157331,38.11062548916715,83.22068011350949,3849,3171.59217275974,2497.568353017179,78.748092975773,0.013244177391891215,0.010429537126442803,76.8875,78.2375,,
8.585974999999628,1763,,-4.5709938438635,33.10299786976523,38.103811871217175,83.26088406988566,3847,3172.557062830146,2496.973995546249,78.7054084795175,0.01325724574176972,0.010434169414193296,76.8875,78.2375,,
8.61184500000067,1763,,-4.570922029906906,33.1449844278941,38.101196480498075,83.2697731976172,3846,3172.6779894889255,2495.7134886075196,78.66267855974708,0.013280765031400823,0.010447005506926121,76.775,78.125,,
8.634759999999776,1763,,-4.5706849471753905,33.178959069148966,38.08727705936348,83.38902389955678,3844,3176.0608569723017,2494.775010236398,78.54934532377428,0.013299379275891103,0.010446575353338173,76.775,78.125,,
8.657915000000036,1763,,-4.571096873526579,33.18940672107038,38.07547557897023,83.4614155282968,3844,3177.833088733951,2494.626953458531,78.50088043649865,0.013304356659442346,0.01044403711407418,76.775,78.125,,
8.684014999999665,1763,,-4.57295348711033,33.16851327269627,38.071702312120436,83.48077183542162,3843,3178.25509410422,2495.401259561669,78.51481978871772,0.013291855626666833,0.010436076491854,76.775,78.125,,
8.707765000000595,1763,,-4.57530578212822,33.15022382365972,38.07609591082059,83.42931873096751,3844,3176.6627417747395,2496.9306628967365,78.60232155150817,0.01327638941531581,0.010435550298656929,76.775,78.125,,
8.72977999999933,1763,,-4.578333911509069,33.140755671250375,38.07689724230968,83.41852755194056,3844,3176.318701700019,2498.7180906940484,78.66710885644733,0.013263103106619418,0.010433699758627147,76.775,78.125,,
8.75618500000052,1763,,-4.5822132816274355,33.13089900233108,38.01097679852433,83.98548099104259,3846,3192.370169363426,2501.85636587933,78.36987044576388,0.013242526411258037,0.01037815079224899,76.775,78.125,,
8.777709999999963,1763,,-4.586079868768913,33.12199302808913,37.974435039542485,84.3129741587414,3850,3201.7375601817494,2506.772546461618,78.2941293389243,0.01321300294071027,0.010345005611955569,76.775,78.125,,
8.799775000000373,1763,,-4.588990463464873,33.12438382233771,37.996685208344324,84.13753084945091,3852,3196.9472738939457,2510.0098819994673,78.5127081230284,0.013196913709340029,0.010361254341862058,76.775,78.125,,
8.824835000000894,1763,,-4.591503931800508,33.14118133986873,38.01198582340248,83.9820589300728,3854,3192.324833470079,2512.542070470034,78.70571453528693,0.013190299071755977,0.010381519133766861,76.775,78.125,,
8.848004999999889,1763,,-4.593899040731057,33.16718650989407,38.025188886748296,83.87460857741432,3854,3189.3478339582584,2513.6663986434555,78.81443258961744,0.013194744747271689,0.010399363204210532,76.775,78.125,,
8.872014999999665,1763,,-4.5962624345785805,33.190611226395696,38.036481193875325,83.78272712039274,3853,3186.8001244864063,2514.329500368338,78.89824909472647,0.01320058139616682,0.010415027591899818,76.775,78.125,,
8.896695000000298,1763,,-4.598043734364986,33.23292407100568,38.04363473125361,83.71079930399826,3851,3184.6630717825888,2513.9434733491616,78.93907194213806,0.013219439666529826,0.010435302988709516,76.775,78.125,,
8.919080000000074,1763,,-4.599369851158468,33.264417962713246,38.05104944264219,83.61087857311138,3849,3181.4816745282133,2513.724638412133,79.0111305225386,0.013233119274243848,0.01045563714197602,76.775,78.125,,
8.944814999999478,1763,,-4.598088598598402,33.32834034795885,38.05231417600392,83.58748855267335,3848,3180.6973755894574,2512.280055210299,78.9851959664888,0.013266172407346913,0.010478312273195223,76.775,78.125,,
8.966284999999218,1763,,-4.596018574685093,33.34554234984188,38.05681893419426,83.53834078021227,3848,3179.2035091355547,2510.9263262822033,78.97972932739181,0.013280175527577055,0.010488646685882884,76.775,78.125,,
8.988995000000111,1763,,-4.594391194279103,33.34335244337382,38.06029466996069,83.50506122574035,3848,3178.2272366847865,2510.124744547247,78.97876890532099,0.013283543981551398,0.010491179503626154,76.775,78.125,,
9.01203000000026,1763,,-4.593485129573732,33.34469717138935,38.06743352639185,83.4315096553206,3848,3176.0234478104367,2509.79940064889,79.02332718541973,0.01328580171099265,0.010498882555283815,76.775,78.125,,
9.039254999999889,1763,,-4.592088275061878,33.379633119049096,38.078264676331145,83.32850538490322,3849,3173.00488312943,2509.6478971787315,79.09372943364488,0.013300524410844025,0.010519880790768864,76.775,78.125,,
9.061084999999963,1763,,-4.590633772982002,33.40592031704993,38.08163700460103,83.27878955874503,3851,3171.3926341586866,2509.968011767384,79.14403233244668,0.013309301218355883,0.010533517659478301,76.775,78.125,,
9.083974999999628,1763,,-4.588168073087996,33.394297661920774,38.08342127761331,83.24554997248401,3852,3170.27534908872,2509.0267011906403,79.14223292660833,0.013309662127578694,0.010533563802752905,76.775,78.125,,
9.109024999999441,1763,,-4.584747502859938,33.38065182919629,38.09040492202885,83.17332960047273,3852,3168.1058031953744,2507.3201710152825,79.14256425673604,0.01331327854139966,0.010536470024305477,76.775,78.125,,
9.129939999999479,1763,,-4.582268829007107,33.37076354551282,38.08959920087023,83.17123474536503,3852,3167.958996492446,2506.279260542042,79.11337436238873,0.013314862422113173,0.010533836953843412,76.775,78.125,,
9.152310000000522,1763,,-4.579606156194954,33.36579597485324,38.092021508472165,83.13572203024609,3853,3166.8077116984973,2505.0605164277868,79.10365088394373,0.013319357259453688,0.01053609786650346,76.775,78.125,,
9.174724999999627,1763,,-4.577457051025495,33.34355609107165,38.09578754145943,83.08434124301695,3854,3165.163412016089,2504.925313668071,79.1404735742389,0.013311197706827127,0.010534544903586216,76.775,78.125,,
9.197219999999739,1763,,-4.575211184433018,33.26229188968488,38.09889654825633,83.04190500947294,3856,3163.8049481260387,2504.5277419974277,79.16188839267384,0.013280863825911274,0.010513382599450878,76.775,78.125,,
9.219229999999516,1763,,-4.572395008195462,33.168834534049566,38.101646348034876,83.00812916363107,3858,3162.746381404671,2504.3586355288544,79.18303694071712,0.01324444273415544,0.010487351982778425,76.775,78.125,,
9.242675000000744,1763,,-4.571881051531512,33.10739909939162,38.05518677613093,83.39207918692266,3859,3173.5011491082428,2504.962623417689,78.93372353501704,0.013216723790561382,0.010432452217228544,76.775,78.125,,
9.268429999999702,1763,,-4.572793542521732,33.07679188023985,38.039029508104655,83.51668198444014,3863,3176.893530425111,2507.97493368782,78.9442551243516,0.013188645323341611,0.010411677811504668,76.775,78.125,,
9.2915,1763,,-4.572994180281928,33.05035984882428,38.05069970528127,83.41170705460954,3866,3173.8738170398387,2509.840134344041,79.07813224549932,0.013168312752900556,0.010413255773239654,76.775,78.125,,0.2858999999994412,2926,
9.314279999999329,1763,,-4.5697199913698086,33.02570315103673,38.05841010735488,83.3301169097223,3866,3171.411763644039,2508.433843151038,79.09518000490667,0.013165865721836454,0.010413565191890848,76.775,78.125,,
9.34055999999959,1525,,-4.564442738624637,33.023552778104985,38.08271201457916,83.10736718259986,3865,3164.953930704837,2504.802191865425,79.14182154643888,0.013184096087647963,0.01043413379819738,76.775,78.125,,
9.36303500000015,1525,,-4.5599461710723554,33.03254467423388,38.09413230156676,83.01060712488443,3863,3162.217050248728,2501.2809546718886,79.09896490106988,0.013206251226011117,0.010446008022009644,76.775,78.125,,
9.384514999999665,1525,,-4.554874284959106,33.02619353496202,38.10595074723909,82.89665464283412,3863,3158.855838930726,2498.1562550849935,79.08421221053952,0.01322022730473214,0.010455112616390054,76.775,78.125,,
9.40703500000015,1525,,-4.550015153500966,33.00915451351267,38.120877876302416,82.72666953957832,3863,3153.6132666314925,2495.580625848701,79.13400962174211,0.013227043907782728,0.010467090198656838,76.775,78.125,,
9.428134999999777,1525,,-4.515921825866466,32.98975276799841,38.13303769966584,82.58822824129768,3860,3149.340021074012,2474.9179810010114,78.585289757217,0.01332963476820161,0.010475132106169975,76.6625,77.7875,,
9.453859999999404,1525,,-4.384274405119961,32.949320879296465,39.49412593657536,71.22840610638077,3775,2813.1036410269357,2349.7741771306387,83.5295985139333,0.014022335082229736,0.011712800196464918,76.6625,77.7875,,
9.476429999999702,1525,,-4.212380897555946,32.87119560342128,40.426000512922926,63.51035341192642,3647,2567.4695796064534,2180.947676259031,84.94541448835125,0.015071978095231097,0.012802954264587562,76.6625,77.7875,,
9.499375,1525,,-3.949285054523799,32.54579134075422,41.25249149665905,56.662111371895946,3566,2337.4532675518853,1999.5303153612356,85.5431140856745,0.016276718132615307,0.013923611561586778,76.6625,77.7875,,
9.52696999999974,1525,,-3.623368790632697,31.893275109090858,41.92446111836152,51.11259546937174,3429,2142.868021414217,1764.1064523052898,82.32454984050031,0.018078996915074783,0.014883452826013254,76.6625,77.7875,,
9.556620000000112,1525,,-3.2990626227987154,31.053375762149326,42.452104895142824,46.739636558127465,3324,1984.1959539264794,1557.066618763079,78.47342978811321,0.019943511335961894,0.01565035736551046,76.6625,77.7875,,
9.582174999999813,1525,,-3.0346346088986778,30.170737431124785,42.838649493599235,43.55113956658616,3238,1865.6720029398057,1395.0140794623783,74.77274018499527,0.021627550485190963,0.016171512132670523,76.6625,77.7875,,
9.604285000000148,1525,,-2.8513338204537937,29.430427648350175,43.07943158663838,41.54765523113241,3176,1789.849371114807,1285.7814554709748,71.83741136105361,0.022889136814910716,0.016442963370721778,76.6625,77.7875,,
9.627245000000112,1525,,-2.710967154333601,28.579598680049095,43.2890862465002,39.807550880012535,3146,1723.2325033068075,1210.9586268293795,70.27250382670958,0.02360080521898448,0.01658487675064514,76.6625,77.7875,,
9.653784999999218,1525,,-2.5935041973230235,27.629495523599754,43.45911224339732,38.38098015797125,3112,1668.003324696878,1145.8241192003381,68.694354635568,0.024113208179700533,0.016564412740976274,76.6625,77.7875,,
9.677889999999664,1525,,-2.515882533157506,26.900831218145566,43.5710470752485,37.44103992591235,3079,1631.3453131581857,1099.8477928758296,67.41968018693669,0.0244586854584729,0.016489967514031218,76.6625,77.7875,,
9.69971499999985,1525,,-2.4669099456940637,26.18410450951019,43.65361105749972,36.714383276241556,3061,1602.715407757021,1072.2627707872307,66.90288029911987,0.024419484871498823,0.016337338733240545,76.6625,77.7875,,
9.725575000000186,1525,,-2.438876848252689,25.342875585410553,43.719865301651566,36.141760724393976,3045,1580.1129106350256,1054.5366144080235,66.73805443335185,0.02403223865264941,0.016038648513558185,76.6625,77.7875,,
9.748295000000857,1525,,-2.424106700938102,24.665751468627548,43.76823862859858,35.71414213012481,3030,1563.1450951669888,1042.9416785234494,66.72072104810162,0.023650173328529957,0.015779566173921004,76.6625,77.7875,,
9.769774999999441,1525,,-2.4227725819340296,24.114101077641223,43.7860312572379,35.51930507843169,3025,1555.249402399579,1040.458239968417,66.89976786765546,0.0231764237634114,0.015504973697746364,76.6625,77.7875,,
9.795839999999851,1525,,-2.432447073834852,23.567000790681263,43.794538551367204,35.36110789972086,3015,1548.6234031333804,1041.2750065374655,67.23874922919411,0.02263283056130217,0.015218032184582371,76.6625,77.7875,,
9.817605000000446,1525,,-2.4442553760845476,23.160642554799193,43.798218673125554,35.25180630453055,3008,1543.966321148495,1043.8018062033022,67.60521857930553,0.022188735847318675,0.01500074336956451,76.6625,77.7875,,
9.839895000000483,1525,,-2.4609701804017345,22.78696465541257,43.79329225695033,35.207181305886586,3003,1541.8383804721295,1049.2161901290945,68.04968688143643,0.021718083336675246,0.014779087707256923,76.6625,77.7875,,
9.861759999999776,1525,,-2.4805400267484585,22.431872235561833,43.79457520143024,35.08832087412514,2996,1536.6781072137878,1055.1695434784342,68.6656195936574,0.021259021712864954,0.014597638978688876,76.6625,77.7875,,
9.884680000000634,1525,,-2.5027410749798995,22.16831693674729,43.79107308549576,35.036513834511034,2992,1534.286537988056,1063.2754617164564,69.30097054170554,0.02084908166784997,0.01444861594485284,76.6625,77.7875,,
9.910415000000038,1525,,-2.5282103623166603,21.92759209810641,43.7720333941108,35.1254717344364,2988,1537.5133217436453,1072.4343445684096,69.75122292613347,0.020446558998379473,0.014261724947683067,76.6625,77.7875,,
9.932445000000298,1525,,-2.5469739310838886,21.750246850707253,43.77162180475368,35.06040505947436,2984,1534.650790584784,1078.9981960123985,70.30903725017744,0.02015781576937625,0.014172766198112892,76.6625,77.7875,,
9.956075000000187,1525,,-2.566931678607186,21.526507186976335,43.75456878228212,35.13378384621149,2982,1537.2635618808933,1086.9879215120093,70.70927513445015,0.01980381452356231,0.014003133698581872,76.6625,77.7875,,
9.982660000000148,1525,,-2.5895207360088057,21.315442543507032,43.753236282595864,35.11008973229371,2982,1536.1800519601895,1096.3536054533288,71.36882190693498,0.019442123816150864,0.0138756147212745,76.6625,77.7875,,
10.00543500000052,1525,,-2.605333200027897,21.167696135977813,43.74518114949079,35.15904341745023,2982,1538.0387233391718,1103.209603595886,71.72833732045143,0.01918737478986967,0.013762784912216976,76.6625,77.7875,,
10.027830000000074,1525,,-2.624254844670221,21.03617681174505,43.729814422084814,35.272966603529156,2982,1542.4802836887252,1111.1010671727092,72.03340483001797,0.01893273027382953,0.013637890243522998,76.6625,77.7875,,
10.052520000000484,1525,,-2.6421793998955225,20.90172366128417,43.71342425593862,35.38228975900648,2981,1546.6810433820026,1118.4178086417878,72.31082409830498,0.01868865418610182,0.013513919854852594,76.6625,77.7875,,
10.075830000000074,1525,,-2.6582064128005767,20.782292601505212,43.71990334321931,35.31084404088984,2980,1543.7866884351954,1124.7454357926028,72.85627245125822,0.0184773300163339,0.01346189389841834,76.6625,77.7875,,
10.098580000000075,1525,,-2.6712684224840504,20.70426910150391,43.71164449024898,35.346956414929316,2979,1545.0735926217158,1130.0317996875172,73.13773305581216,0.018321846435851784,0.013400183137149111,76.6625,77.7875,,
10.124979999999516,1525,,-2.685993869642956,20.641194529724725,43.69192554984871,35.48469417588816,2979,1550.3946160920557,1136.2372578423353,73.2869713329081,0.018166271513505416,0.013313510196360965,76.6625,77.7875,,
10.147535000000149,1525,,-2.69693041753804,20.583087538474544,43.68815614251124,35.507960735376976,2980,1551.2773329093075,1141.2151077031797,73.56615632118559,0.018036115539953077,0.013268476952391526,76.6625,77.7875,,
10.172150000000373,1525,,-2.7055055887849173,20.484030241709437,43.70177491656913,35.38479817528432,2981,1546.3784853245013,1145.2000444766988,74.0569049133132,0.017886857707091385,0.013246453204120299,76.6625,77.7875,,
10.19690500000026,1525,,-2.7109075423740974,20.387809761532786,43.70292039118695,35.34868737151164,2984,1544.8408701301287,1148.668817325896,74.35515460107803,0.017749075672651805,0.013197352656662581,76.6625,77.7875,,
10.219815000000409,1525,,-2.7146613515548235,20.326141300012143,43.702835904592696,35.31734686245757,2987,1543.4682145155648,1151.1457407559028,74.58175879036182,0.01765731356193433,0.013169135009619705,76.6625,77.7875,,
10.24090499999933,1525,,-2.7185694426582367,20.281452382684837,43.70276817917486,35.292229814046614,2988,1542.3681380894427,1153.3365599639108,74.77699593772522,0.017585025123385896,0.013149553522162233,76.6625,77.7875,,
10.26813000000082,1525,,-2.721714308307753,20.187130973369488,43.72030937850972,35.09847653752941,2989,1534.5162529351503,1155.149530004919,75.2777644287184,0.017475773005148108,0.013155371234912954,76.55,77.5625,,
10.289950000000186,1525,,-2.7221742018098247,20.117865812335626,43.71621465620511,35.09795375850864,2989,1534.3496805005245,1155.4046083850326,75.30256127847758,0.017411966047509005,0.013111656402713182,76.55,77.5625,,
10.310745000000113,1525,,-2.723757481777861,20.08419721366188,43.71476097798725,35.12517691278893,2989,1535.488713052084,1156.0517428593064,75.28884667354066,0.01737309539795068,0.013080003156611038,76.55,77.5625,,
10.33525,1525,,-2.7265727130355493,20.068675192408797,43.72444425411182,35.051707139644236,2990,1532.6164148388277,1157.4539367933899,75.52143677875912,0.017338638328888534,0.01309438878384925,76.55,77.5625,,
10.356799999999813,1525,,-2.7270365746501546,20.041335894974928,43.713704632200546,35.114876690276645,2990,1535.0013478348972,1157.7535996062302,75.42362104367069,0.01731053645766361,0.013056233418454658,76.55,77.5625,,
10.382879999999888,1525,,-2.7266817282150635,19.974852802227915,43.723883519915645,35.06355911271429,2990,1533.1149744379964,1157.5757317194445,75.50482194877684,0.017255763277412173,0.013028933338512478,76.55,77.5625,,
10.405759999999777,1525,,-2.7255763740116397,19.925750825544032,43.721883992268125,35.07304505433533,2989,1533.4596071212427,1156.6858443796802,75.42982149696931,0.017226588293064157,0.012993984799476107,76.55,77.5625,,
10.428049999999814,1525,,-2.725445782287178,19.90743530411517,43.71468387550891,35.10335253365128,2988,1534.5319589791106,1156.2506769772074,75.34875179441912,0.017217231263517433,0.01297296885061888,76.55,77.5625,,
10.453139999999665,1525,,-2.7248829587890384,19.89184074862029,43.71640020485204,35.062389540339964,2987,1532.8014532839202,1155.4284693472428,75.38017835720457,0.017215986343021433,0.012977441211321536,76.55,77.5625,,
10.475915000000038,1525,,-2.724859924774958,19.87900910761391,43.718403803056916,35.09720033658775,2985,1534.3935766717282,1154.929110786771,75.26941772605316,0.017212319718975442,0.012955612829619446,76.55,77.5625,,
10.499805000000633,1525,,-2.7249277060898986,19.85011010957383,43.72016123358877,35.12773418115557,2985,1535.7902021707687,1154.8391640289485,75.19511209256554,0.0171886360697378,0.01292501415982249,76.55,77.5625,,
10.524714999999851,1525,,-2.725812075107093,19.84086640036062,43.70825182820362,35.25525829166689,2985,1540.9457076805402,1155.2158440296232,74.9679783182287,0.017175029673374045,0.0128757725216844,76.55,77.5625,,
10.54578500000015,1525,,-2.7264339345251556,19.83436652585087,43.69668385819965,35.32137195845492,2985,1543.4268239064827,1155.579732047571,74.87104112411022,0.01716399654284899,0.012850862910137324,76.55,77.5625,,
10.56808999999985,1525,,-2.7291538273550113,19.834998409109904,43.69050412226472,35.32669986426469,2986,1543.441326045665,1156.8623083704645,74.95343612020383,0.017145513572007658,0.012851151562675637,76.55,77.5625,,
10.590049999999813,1525,,-2.7311865620834483,19.833275317883558,43.70642640272138,35.227331453094926,2986,1539.6607695189653,1157.9016464113738,75.20498471706439,0.017128635561881985,0.012881587756555003,76.55,77.5625,,
10.614875,1525,,-2.733566697616256,19.839759821272125,43.72481450571861,35.09264338293089,2985,1534.4193224339867,1158.4799031220252,75.49956430973353,0.017125683205902246,0.012929816205521399,76.55,77.5625,,
10.636275000000373,1525,,-2.7342670993034837,19.87931835770461,43.73844402793273,34.992810678896454,2984,1530.5310912589593,1158.5322284320505,75.69478562366766,0.017159055112872554,0.012988509982735864,76.55,77.5625,,
10.659919999999925,1525,,-2.735350478816943,19.933767658621935,43.745327070046564,35.04276407076458,2982,1532.957175714073,1158.1528981588483,75.55024474962025,0.017211689139068998,0.013003473270110436,76.55,77.5625,,
10.682085000000894,1525,,-2.7395587422197782,19.99043358278581,43.756549797532145,35.036846442045075,2981,1533.0915160898323,1159.4807693194953,75.6302384528723,0.017240849621437265,0.013039295679994133,76.55,77.5625,,
10.708209999999962,1525,,-2.7472889190258183,20.024246653118507,43.7474534474753,35.181933980570705,2980,1539.1200190071663,1162.4420814415282,75.52640905751974,0.017226016653050548,0.01301019180169943,76.55,77.5625,,
10.730975000000559,1525,,-2.7544260602691586,20.050844117163635,43.72266914324837,35.42829947330897,2980,1549.0198161794085,1165.278902791275,75.2268557587201,0.01720690563360791,0.012944214081533307,76.55,77.5625,,
10.753939999999478,1525,,-2.760109350297008,20.086902773117995,43.73325393603701,35.3834991719237,2979,1547.4355544312946,1167.5817725086263,75.45269133600397,0.01720385093881687,0.012980768546771713,76.55,77.5625,,
10.779924999999814,1525,,-2.765045744228971,20.123580405722286,43.71191541011375,35.61112117766183,2979,1556.630316577264,1169.5277569712448,75.13201718586693,0.017206586407009974,0.012927655456415778,76.55,77.5625,,
10.803330000000075,1525,,-2.7692689350147215,20.13734870373184,43.72934988466078,35.515447652788,2979,1553.0674367191207,1171.3065343245341,75.41891012787812,0.017192210675529604,0.012966177918373142,76.55,77.5625,,
10.828200000000185,1525,,-2.7730095769233762,20.135564956705625,43.725447005295244,35.55464486316598,2979,1554.6427397564569,1172.8581620631285,75.442295009004,0.017167945458371494,0.012951892059689527,76.55,77.5625,,
10.853435000000522,1525,,-2.7777802590892318,20.151399325324693,43.708773724293,35.69257500820954,2979,1560.0786846711862,1174.9934853494524,75.31629634418746,0.017150222172790608,0.012916912155345519,76.55,77.5625,,
10.876450000000187,1525,,-2.7820161189029338,20.17450226696676,43.72571965501231,35.55551428614564,2980,1554.6904498657893,1176.981117282815,75.70517445350097,0.017140888643601797,0.012976539650519077,76.55,77.5625,,
10.899084999999962,1525,,-2.7838249010088685,20.177277332262822,43.73934221056247,35.43790546682923,2980,1550.0306744392062,1177.8095851003345,75.98621140362015,0.017131187916545925,0.013017340666218019,76.55,77.5625,,
10.924014999999665,1525,,-2.7849354980863135,20.165417420573387,43.732213861497165,35.46354332656492,2980,1550.8992610438074,1178.48233341819,75.98703300851608,0.017111344692018898,0.013002403139325365,76.55,77.5625,,
10.944985000000335,1525,,-2.7857447637109773,20.15677538554852,43.72194548227987,35.50748405961738,2981,1552.4562822675127,1179.027049635385,75.94590991723786,0.01709610936558412,0.01298379581813898,76.55,77.5625,,
10.966134999999776,1525,,-2.7850054800047723,20.16643688138493,43.7283869039434,35.416032175104974,2981,1548.6859575554986,1178.8745419783154,76.12095507336383,0.01710651656582798,0.01302164378969146,76.55,77.5625,,
10.990985000000336,1525,,-2.7825958200240994,20.183620702718773,43.71322544339775,35.489438258828415,2982,1551.3578154677116,1178.049891742055,75.93669751725783,0.017133078016646656,0.013010293628896765,76.55,77.5625,,
11.016290000000037,1525,,-2.7818557709018754,20.188531691916005,43.71911806286867,35.440019520089216,2982,1549.4063975491506,1177.7634105961597,76.01384713908143,0.01714141525393201,0.013029849188599067,76.55,77.5625,,
11.038304999999703,1525,,-2.7798244584578624,20.17471441431377,43.736224488153155,35.30764414455676,2982,1544.2230504541608,1176.9390561901228,76.21561249483884,0.01714168147297403,0.013064637526541469,76.55,77.5625,,
11.061160000000148,1525,,-2.7787857893452554,20.167182967549273,43.73549263562276,35.28134921815025,2982,1543.047188905245,1176.6255355230135,76.25337345371797,0.017139848115386092,0.013069712392825396,76.55,77.5625,,
11.082215000000783,1525,,-2.776692914727917,20.18481594331275,43.7430419192727,35.19116661612651,2982,1539.3686764773317,1175.7649954157462,76.37968820480025,0.01716738976071955,0.013112398772140394,76.4375,77.45,,
11.108570000000299,1525,,-2.776224055460947,20.198287982931603,43.721827986966936,35.33080058984756,2983,1544.727186031145,1175.719065896763,76.11176112705884,0.01717951895891528,0.013075634432787383,76.4375,77.45,,
11.130115000000224,1525,,-2.775893598189893,20.207781178869993,43.746568494668765,35.313782382548595,2984,1544.8567998039891,1175.9306263574247,76.11906983913501,0.017184501131215394,0.013080682417576792,76.4375,77.45,,
11.154639999999665,1525,,-2.7766943677629277,20.208191338782967,43.7678538640364,35.32770406776315,2984,1546.2177889897816,1176.5323531971494,76.09098547274084,0.017176060891031627,0.013069433997383997,76.4375,77.45,,
11.17821499999985,1525,,-2.777200632259652,20.221105197227374,43.76387874078732,35.53477732661838,2986,1555.1396860030054,1177.306427784375,75.70422376720826,0.017175736681640623,0.013002758131135685,76.4375,77.45,,
11.201504999999889,1525,,-2.7786119695410783,20.239420755025332,43.77309784035261,35.605889712446455,2987,1558.5800940757233,1178.5658018238917,75.61791699404517,0.01717292383989403,0.012985807294701663,76.4375,77.45,,
11.223509999999777,1525,,-2.779731915450499,20.2498846108547,43.78297753213238,35.63805393996843,2989,1560.3401149425595,1179.4908976879112,75.591910147829,0.017168326309723453,0.012977865797932238,76.4375,77.45,,
11.248134999999776,1525,,-2.781309217130213,20.26681275512562,43.80452901174803,35.54352373954826,2990,1556.9673168287968,1180.6395683502108,75.82943813842647,0.017165960974394445,0.013016851757944864,76.4375,77.45,,
11.269599999999627,1525,,-2.782500143619371,20.27959418792557,43.81762518237842,35.51546051182129,2990,1556.2031368865469,1181.3260148887002,75.91078483829219,0.01716680571860278,0.013031456952656196,76.4375,77.45,,
11.290630000000819,1525,,-2.783349362842142,20.309442987054382,43.82833640413533,35.49460159547863,2990,1555.669339257396,1181.5902004343225,75.953814259678,0.01718822903201901,0.013055115553507766,76.4375,77.45,,
11.31422000000067,1525,,-2.7834599055070983,20.341002129031246,43.825857662537814,35.571448147111724,2990,1558.9492233456629,1181.4499889089054,75.7850205264155,0.017216981099484878,0.013047892660273692,76.4375,77.45,,
11.335509999999777,1525,,-2.7837142177093566,20.359175369718024,43.82406996222343,35.63034003831919,2989,1561.466514617111,1181.545586038389,75.66896728029529,0.01723096900389634,0.013038496297636148,76.4375,77.45,,
11.36056500000041,1525,,-2.783259805413572,20.38656188310675,43.83053418675006,35.61860814616655,2990,1561.1826220350072,1181.5120836721037,75.68058131034013,0.01725463680383694,0.013058409436131692,76.4375,77.45,,
11.382490000000223,1525,,-2.782917940361019,20.407165400937885,43.83080127848726,35.64641362939422,2990,1562.4108720807376,1181.3858039159604,75.61300455767133,0.017273921299285882,0.013061330899317592,76.4375,77.45,,
11.40560000000056,1525,,-2.78313633473415,20.446563577660015,43.83288099808273,35.651190419980814,2990,1562.694387119006,1181.464203691516,75.60430327453031,0.017306121940702215,0.013084172917108531,76.4375,77.45,,
11.429645000000484,1525,,-2.7852784436451468,20.46430660139582,43.83876838316685,35.63290735947658,2990,1562.1027725509355,1182.3578693273962,75.69014600726874,0.017308047869666804,0.01310048670355877,76.4375,77.45,,0.24588499999977648,-3532,
11.452764999999665,1525,,-2.787124675362529,20.47620310921874,43.83111774988694,35.72763200249812,2990,1565.982045226124,1183.1356117780824,75.55231015482305,0.01730672537059886,0.013075630829638295,76.4375,77.45,,
11.47678000000026,1763,,-2.7896280411506655,20.500869213217587,43.83432085385715,35.73381030783572,2990,1566.3673063645388,1184.1479777055615,75.59835888390128,0.01731275955302533,0.013088162099602995,76.4375,77.45,,
11.500839999999851,1763,,-2.790731416454031,20.531160730252218,43.847238575663866,35.66225724326406,2989,1563.691501492096,1184.423793581494,75.74536233338229,0.01733430284118957,0.01312993049502482,76.4375,77.45,,
11.522075000000186,1763,,-2.791553564513353,20.553731574341242,43.8503133237148,35.64514632763617,2989,1563.050834936508,1184.7427440004608,75.79681463454038,0.01734868745001847,0.013149752468016272,76.4375,77.45,,
11.543724999999627,1763,,-2.7903971913746544,20.549195146226253,43.85454663498294,35.624131671208765,2989,1562.2801437057974,1184.2633770642933,75.8035222962745,0.017351879272975816,0.013153335673512855,76.4375,77.45,,
11.566629999999888,1763,,-2.789646816791765,20.53842877877369,43.84720809880565,35.6889805825179,2989,1564.8621584358964,1184.0081945274787,75.66213983415082,0.017346525871782745,0.01312475266147541,76.4375,77.45,,
11.588349999999627,1763,,-2.795599738520595,20.553019386163342,43.84394541360503,35.7158803999033,2991,1565.9251106522058,1187.010812447486,75.80252748824606,0.017314938643048478,0.013125161124469762,76.4375,77.45,,
11.613725000000558,1763,,-2.83563334039211,20.583006706425273,43.338149879793534,39.739856895458274,3008,1722.2518743369171,1210.8501379345112,70.30621687670973,0.016998806096298686,0.011951217480515109,76.4375,77.45,,
11.637945000000299,1763,,-2.896493653387338,20.622016655809823,42.56034628064922,46.31597203031686,3072,1971.2238079351494,1263.502778228454,64.09737814357919,0.01632130693430193,0.010461529823653722,76.4375,77.45,,
11.659580000000075,1763,,-2.987632727874616,20.67415357173118,41.94687585717734,51.496745608721454,3133,2160.127595097681,1328.8881478058643,61.518965399160685,0.015557482099502811,0.009570802029773751,76.4375,77.45,,
11.684395000000483,1763,,-3.173319190862374,20.922775072991985,41.149463488814,58.35719274845557,3211,2401.3671723122534,1446.7161094827982,60.245518726308276,0.014462253468976638,0.00871285962189849,76.4375,77.45,,
11.706724999999627,1763,,-3.31597692028011,21.113784036615975,40.442224711825254,64.4736498349049,3329,2607.457834614759,1567.318154661376,60.10905081013287,0.013471281484120672,0.008097459432066117,76.4375,77.45,,
11.729620000000113,1763,,-3.512848417745532,21.486656021673717,39.798217137677504,70.06142780246829,3403,2788.3199166583486,1697.0402108951812,60.86246419417297,0.012661253330196342,0.007705950774624283,76.4375,77.45,,
11.755900000000372,1763,,-3.755230933906257,22.05527823992419,39.29135697039633,74.42963706341214,3478,2924.441439035568,1854.2392204022894,63.40490172420026,0.011894516088996948,0.007541706236797703,76.4375,77.45,,
11.77872500000056,1763,,-3.947054734251842,22.57903676363519,38.94778681861245,77.37948700230876,3563,3013.759763899515,1996.463113379047,66.2449322369284,0.01130951862437358,0.007491982949039074,76.4375,77.45,,
11.803009999999777,1763,,-4.123081789855042,23.279032188068093,38.68366612558333,79.62051033244323,3608,3080.0132384487915,2111.8645879501782,68.56673736291444,0.011022975772638543,0.0075580948476027575,76.4375,77.45,,
11.827965000000782,1763,,-4.288583837496231,24.14847213646371,38.47141428799097,81.3893038702855,3665,3131.16162780494,2231.4361464160947,71.26544112577203,0.01082194181323473,0.007712304571576103,76.4375,77.45,,
11.850714999999852,1763,,-4.41431640789827,24.877895716516413,38.31467405320023,82.6753620814446,3704,3167.6795503808594,2321.403281622213,73.28403156635916,0.010716748749976593,0.007853665536820247,76.4375,77.45,,
11.874834999999964,1763,,-4.518824905392523,25.635243855335077,38.198589593066245,83.60456251419696,3723,3193.57637158766,2388.4332591620337,74.7886689171189,0.01073307941806548,0.008027127230588422,76.4375,77.45,,
11.89856500000041,1763,,-4.597035387234997,26.41643477588435,38.11519323288286,84.23849805794109,3749,3210.766631126252,2446.7657032580937,76.20503089630756,0.010796470925151696,0.008227454004222713,76.2125,77.45,,
11.920774999999441,1763,,-4.654596439810406,27.110060843179152,38.053744329047994,84.68735013851551,3773,3222.6707700756365,2493.166788494644,77.3633723818499,0.010873745378081187,0.00841229612869914,76.2125,77.45,,
11.941525000000372,1763,,-4.691169823323581,27.741294017429187,38.01478256399191,84.94462498146517,3785,3229.1514486502333,2520.8003522661425,78.06386266955123,0.011004954832099413,0.008590892826976228,76.2125,77.45,,
11.96597000000067,1763,,-4.7214550992180095,28.37047172198194,37.985772869659414,85.1112357703925,3800,3233.0160706301613,2547.178530297637,78.78644815400361,0.011137998920973499,0.008775233745266267,76.2125,77.45,,
11.987610000000336,1763,,-4.738308558246419,28.930237278958238,37.96902972190807,85.19437160012427,3807,3234.7476274243995,2561.211081308804,79.17808052766438,0.011295530263040485,0.008943584047696896,76.2125,77.45,,
12.013870000000113,1763,,-4.748515989774255,29.562410944245183,37.95219148499625,85.20501945175968,3815,3233.7172137160137,2571.8232534555873,79.53148291838997,0.011494728848307963,0.009141928310507292,76.2125,77.45,,
12.036794999999925,1763,,-4.75420146086528,30.07130573315833,37.93511972382232,85.25664128392712,3820,3234.220894356748,2578.3980923472823,79.72238683035589,0.011662786216919078,0.009297851543049657,76.2125,77.45,,
12.058955000000074,1763,,-4.756026829583275,30.513357265441595,37.929085878280006,85.19327431274739,3822,3231.303017660062,2581.1527881159213,79.87962670195677,0.011821600567750359,0.009443050403715387,76.2125,77.45,,
12.083629999999888,1763,,-4.754266031229458,30.95252866731537,37.915842748304144,85.17998568168487,3825,3229.670942409562,2581.9269218801282,79.9439623392044,0.01198815055724974,0.009583802566654856,76.2125,77.45,,
12.106660000000149,1763,,-4.750509475986029,31.312996195222336,37.903405026953806,85.17608247868205,3826,3228.4635527987093,2580.604259924851,79.93289122585144,0.012133978340458214,0.009699039708246836,76.2125,77.45,,
12.130905000000261,1763,,-4.743095085681764,31.659998602838968,37.89255549955099,85.17267836324841,3827,3227.410441924796,2576.9070105696137,79.84441573017814,0.012286046206937311,0.009809721810268807,76.2125,77.45,,
12.155709999999964,1763,,-4.734200766222097,32.00325729213687,37.89222514539265,85.13866387815658,3827,3226.0934202490175,2572.6940965289555,79.74642272852634,0.012439589042208803,0.009920127263291273,76.2125,77.45,,
12.183390000000596,1763,,-4.726111980392857,32.298128558642986,37.89581809329582,85.0864069949281,3829,3224.4190016919283,2569.22060697252,79.68010998646236,0.012571177605765033,0.010016728142867103,76.2125,77.45,,
12.210724999999627,1763,,-4.718438465937121,32.54696749303277,37.89665865932297,85.05867950980685,3830,3223.4397433958993,2566.0906074921277,79.60721501772969,0.012683483349343352,0.010096967861649705,76.2125,77.45,,
12.233955000000075,1763,,-4.711817383809709,32.735816342179426,37.8785782634826,85.15431664637177,3832,3225.5244475629725,2563.4327932738943,79.4733642527708,0.012770304112545428,0.0101489903035498,76.2125,77.45,,
12.25783999999985,1763,,-4.705437520650603,32.910917358587774,37.87209588482176,85.2140435039318,3833,3227.234426314278,2561.060371284214,79.35774204693024,0.012850504317508525,0.010197870068018049,76.2125,77.45,,
12.278930000000633,1763,,-4.70119841953654,33.033660021783824,37.883064757083005,85.11966017721056,3835,3224.5935985941674,2559.4980173247277,79.37428203171393,0.012906304204256312,0.010244286298957355,76.2125,77.45,,
12.303235000000335,1763,,-4.69754191528835,33.1425253168459,37.9034360408949,84.92371990693037,3836,3218.9007858472087,2558.7388517051572,79.49107543032589,0.012952679908994834,0.010296224556707749,76.2125,77.45,,
12.324964999999851,1763,,-4.693111105323692,33.23325799588759,37.91645195256958,84.78470829600522,3838,3214.7353184181093,2557.0810949497954,79.54250791035795,0.012996560047126734,0.010337789803560203,76.2125,77.45,,
12.35109499999974,1763,,-4.685384573530389,33.333924494832,37.90465327325707,84.99302972801152,3839,3221.6313224839073,2554.019057740694,79.27719847755644,0.013051556680363795,0.010346908493902783,76.2125,77.45,,
12.373800000000745,1763,,-4.679469929046328,33.40493009070103,37.902229402767844,85.15912759603988,3844,3227.7207898846814,2553.9481890073966,79.12543727484692,0.013079721129223065,0.010349386537828294,76.2125,77.45,,
12.396974999999628,1763,,-4.674376890686769,33.437318130425204,37.94120091994068,84.9324498443382,3848,3222.4391441668195,2553.518061258739,79.24177764166797,0.013094608038112918,0.010376400184609419,76.2125,77.45,,
12.42225,1763,,-4.668231765333064,33.46628953297883,37.9738131714057,84.76153019002508,3851,3218.7185115584766,2552.328721951553,79.29642535642971,0.013112060858442227,0.010397395551304279,76.2125,77.45,,
12.443759999999777,1763,,-4.6637296579950345,33.48751487119769,37.995580590979216,84.62647254563396,3852,3215.431957737925,2550.4706421710307,79.31968941321655,0.013129935439167495,0.010414624010503507,76.2125,77.45,,
12.465884999999776,1763,,-4.6592312384200065,33.53507776028589,38.01797185852587,84.4840735510334,3852,3211.9131307568177,2548.0219008740573,79.3303491453292,0.013161220376003138,0.010440842076069497,76.2125,77.45,,
12.487865000000223,1763,,-4.654189689716187,33.58912129660113,38.031323620985944,84.40804828137827,3851,3210.1498004049035,2544.6550797285913,79.2690446846944,0.01319987198429411,0.010463412421552557,76.2125,77.45,,
12.509035000000148,1763,,-4.649114143242759,33.62530605754228,38.04680779634693,84.28792687825842,3850,3206.8865534896427,2541.4952850388418,79.25117532683714,0.013230520731431687,0.010485343181520461,76.2125,77.45,,
12.531785000000149,1763,,-4.6427854055781745,33.656160651802715,38.05356403677496,84.23111140559573,3849,3205.2939917615627,2537.41975499731,79.16340159495938,0.013263931040782172,0.010500178997092866,76.2125,77.45,,
12.553285000000148,1763,,-4.63568149623309,33.695172090003915,38.06134477482944,84.16828183487662,3848,3203.5579940222533,2532.8946937727724,79.0650488768763,0.01330302920719322,0.010518046544772449,76.2125,77.45,,
12.57618499999959,1763,,-4.628499266306593,33.73837888501741,38.0684728983482,84.10199503869093,3847,3201.6345188274204,2527.7839014261053,78.95291878449297,0.013347018653763544,0.010537860797857056,76.2125,77.45,,
12.598665000000038,1763,,-4.62106813680341,33.77602213096645,38.0669984608579,84.1128643330583,3845,3201.92427710488,2522.9851292786448,78.79590243026861,0.013387325093201587,0.010548663618461988,76.2125,77.45,,
12.626264999999664,1763,,-4.614129425171789,33.80212056173616,38.06635717751897,84.10618490994995,3844,3201.6160756206104,2518.4662832586,78.66234500869732,0.013421708595598185,0.010557830721531426,76.2125,77.45,,
12.647044999999926,1763,,-4.610325239632667,33.82095659120179,38.06564542482123,84.1259090616075,3843,3202.307025379906,2515.5842450652094,78.55537352065025,0.013444573226894687,0.010561434716644462,76.2125,77.45,,
12.670285000000149,1763,,-4.608143546967071,33.8421593188082,38.069301009182645,84.10412379582539,3843,3201.7852048968375,2514.0933519176597,78.521611883039,0.01346097959846822,0.010569778155964276,76.2125,77.45,,
12.696439999999479,1763,,-4.6056875968222,33.86287528870851,38.07363552032375,84.04779075023453,3843,3200.004951312867,2512.715738364782,78.5222453275858,0.01347660412663539,0.010582132154144192,76.2125,77.45,,
12.718044999999925,1763,,-4.60297497591144,33.86637447643078,38.07798243663966,83.9844016492726,3843,3197.956570952693,2511.7628309556444,78.54274363104854,0.013483109973223753,0.010590004499761468,76.2125,77.3375,,
12.73943500000052,1763,,-4.60017064796165,33.851804880068585,38.080007058807865,83.92710033665435,3844,3195.9445732450736,2510.767086966553,78.56103350431981,0.013482654387097094,0.010592112630318992,76.2125,77.3375,,
12.766074999999255,1763,,-4.597461965217243,33.79438638202715,38.0835481520656,83.87149103485004,3845,3194.12396741125,2509.916529185295,78.57918336273949,0.013464346717935127,0.010580173696081238,76.2125,77.3375,,
12.789060000000521,1763,,-4.596441764243243,33.75153869324778,38.087190258484824,83.8477346410879,3845,3193.5246220180634,2509.6001376833483,78.58402344483798,0.013448970689172963,0.010568742279469068,76.2125,77.3375,,
12.811174999999814,1763,,-4.5967975647082335,33.72328358634031,38.09128683779569,83.80675176602935,3846,3192.3070204637647,2509.991881757085,78.6262682651509,0.013435614605547165,0.010563922382829308,76.2125,77.3375,,
12.836239999999291,1763,,-4.597333198747602,33.70307504663957,38.0875310826896,83.77244996489969,3846,3190.6857919111762,2510.302161553276,78.67594383368099,0.013425903687142363,0.01056295644406023,76.2125,77.3375,,
12.859384999999776,1763,,-4.59677918769142,33.68757956006345,38.088709631502496,83.74579138404125,3845,3189.769130887131,2509.7327343264124,78.68070168540416,0.01342277570010054,0.010561134106497025,76.2125,77.3375,,
12.881174999999814,1763,,-4.595379356956481,33.68078941935907,38.08147063856246,83.77364858450461,3845,3190.223738856062,2508.7452919083166,78.63853752175679,0.013425352317747353,0.010557500719819797,76.2125,77.3375,,
12.906645000000484,1763,,-4.5934943453835215,33.68635894106902,38.07621840155238,83.76908532281658,3843,3189.60998804984,2506.5454289249333,78.58469964402954,0.01343935703392267,0.010561278359196886,76.2125,77.3375,,
12.928969999999739,1763,,-4.5928696275887315,33.701841663543824,38.07428064741127,83.72893974841469,3841,3187.9191502913295,2504.9278318349316,78.5756386452278,0.013454216618630587,0.010571736632801356,76.2125,77.3375,,
12.953084999999962,1763,,-4.594129639780267,33.731228012066566,38.07256837945216,83.69347409811239,3840,3186.425515514292,2504.682779381742,78.60478040948287,0.013467265511520308,0.01058591448249256,76.2125,77.3375,,
12.97818999999948,1763,,-4.595796448091089,33.79382354093306,38.068523029418735,83.67272319116007,3837,3185.296989736856,2503.836094935605,78.60604844706968,0.013496819384178654,0.010609316383940963,76.2125,77.3375,,
12.999025000000373,1763,,-4.59694398705998,33.83691836364681,38.06677308671168,83.64328606799756,3835,3184.0299909773753,2502.8493079153623,78.6063358387866,0.013519359018793572,0.01062707275356416,76.2125,77.3375,,
13.020115000000224,1763,,-4.5984779973508205,33.88770570582267,38.0557571960066,83.70785621195009,3833,3185.5658514002057,2502.781019201427,78.56629358647028,0.013540020259796984,0.010637892068979655,76.2125,77.3375,,
13.043295000000857,1763,,-4.600585149255221,33.92538704223055,38.05299157293014,83.70410516555066,3832,3185.1916084843574,2502.904985206675,78.57941665235198,0.013554404678861267,0.010650972127348286,76.2125,77.3375,,
13.068519999999554,1763,,-4.602195719793544,33.94702161175785,38.038147341253115,83.80683355431661,3832,3187.8566829429706,2503.785871927592,78.54135618217764,0.01355827668506773,0.010648854383384193,76.2125,77.3375,,
13.095054999999702,1763,,-4.60560807371331,33.96860016244076,38.026174938949644,83.88970539197216,3832,3190.0046128120807,2505.673358122328,78.54764059145059,0.013556675315371414,0.010648448602867839,76.2125,77.3375,,
13.12133999999985,1763,,-4.609508157831498,33.99507158186457,38.01816103872234,83.97648346175694,3833,3192.631471714679,2508.552854948735,78.57320449207552,0.013551666457735171,0.010647978597920263,76.2125,77.3375,,
13.143540000000037,1763,,-4.611806854246251,33.99671188814644,38.01896495487056,83.96309694920303,3835,3192.1900404141497,2511.2530939675075,78.6686588885448,0.01353774813451213,0.010649964901129683,76.2125,77.3375,,
13.16655999999959,1763,,-4.613248384596297,33.97424735398417,38.024769457215285,83.90151095845265,3838,3190.3356113071836,2513.6127318952267,78.78834825359701,0.013516102509700485,0.010649113915655983,76.2125,77.3375,,
13.1885,1763,,-4.614006528341165,33.957106813532135,38.02648342324831,83.8746498394135,3839,3189.4579817492136,2514.6059080374234,78.84116744683757,0.013503947757775955,0.010646670063641608,76.2125,77.3375,,
13.213459999999962,1763,,-4.616248254548473,33.95427007657825,37.98467441006981,84.20665768889604,3840,3198.5624754729174,2516.9640639804416,78.69047684017178,0.013490168796006334,0.010615478152121445,76.2125,77.3375,,
13.235560000000522,1763,,-4.6179578987123,33.9521057281663,37.996643901356826,84.07660540333265,3843,3194.6288359453238,2519.6110501310886,78.87022810853423,0.013475137651265604,0.010627871803492164,76.2125,77.3375,,
13.258410000000149,1763,,-4.617995146090991,33.94066989855159,38.001898716124636,84.00997579121295,3844,3192.5385911617573,2520.143323502396,78.93853908232074,0.013467753830517142,0.010631248121013525,76.2125,77.3375,,
13.285654999999329,1763,,-4.61513212151488,33.921083627182206,38.011298768706254,83.90710917018258,3844,3189.4181954862624,2519.0274686286803,78.98078314702242,0.013465944317649033,0.01063550828022117,76.2125,77.3375,,
13.30859500000067,1763,,-4.612441162808598,33.90406554826281,38.02523937309672,83.76227947976466,3845,3185.0807276542782,2517.9922062797527,79.05583630635896,0.013464722195607947,0.010644648738065797,76.2125,77.3375,,
13.330495000000111,1763,,-4.609346130423023,33.88990399064114,38.03112951087453,83.70092961968274,3846,3183.240894546748,2517.056117974821,79.07212182046364,0.013464103461431108,0.010646352291056068,76.2125,77.3375,,
13.355174999999814,1763,,-4.605972652396665,33.85912440111579,38.04752981774028,83.58747534137294,3848,3180.2969604405175,2516.394406020029,79.12451061398592,0.013455412363067501,0.010646529183370917,76.2125,77.3375,,
13.377314999999479,1763,,-4.602639991526586,33.81670189445495,38.059733063854225,83.50732910763332,3851,3178.2666547119484,2516.6335929262673,79.18258177598865,0.013437276681637984,0.01063998259690385,76.2125,77.3375,,
13.399679999999702,1763,,-4.598778245908616,33.77958607570363,38.07600163018755,83.37865993306067,3852,3174.7259915340715,2515.37076516062,79.23111386205517,0.013429267185407006,0.010640157974509436,76.2125,77.3375,,
13.425839999999852,1763,,-4.593501627847333,33.758106389850276,38.083273697638056,83.28141968236639,3853,3171.6290996914204,2513.2007211345694,79.2400574638153,0.013432316052579512,0.01064377495878529,76.2125,77.3375,,
13.453889999999666,1763,,-4.587943057322026,33.73651790281905,38.09343602787272,83.17011619347488,3853,3168.2355006468765,2509.8905866468263,79.22045523870835,0.013441429711041905,0.010648361807678398,76.2125,77.3375,,
13.48290500000026,1763,,-4.583138610931008,33.715281092741286,38.10018678585115,83.09360292917522,3852,3165.881792310924,2506.6527018615548,79.17707818243689,0.013450320049404043,0.010649570421304625,76.2125,77.3375,,
13.508230000000447,1763,,-4.579080667560831,33.719641429655304,38.10317774025047,83.04087884985961,3851,3164.121366522807,2503.722597319026,79.12852597277195,0.01346780248968561,0.010656873591012507,76.2125,77.3375,,
13.53443499999959,1763,,-4.574483769638314,33.77077829656954,38.094612468568684,83.08665402362902,3848,3165.1538863401906,2499.0785941764625,78.95599025885282,0.01351329180893498,0.010669553364313059,76.1,77.225,,
13.557644999999553,1763,,-4.570012799490428,33.81109393135994,38.0971685072966,83.08707506712426,3845,3165.382299610635,2495.1047388291568,78.82475172544159,0.013550971790958165,0.010681519870607399,76.1,77.225,,
13.580125000000931,1763,,-4.565800149656429,33.83287440295482,38.09541119163941,83.11469134596014,3845,3166.2883428905448,2492.347290979764,78.7151080720737,0.013574703062210411,0.010685342185882022,76.1,77.225,,
13.605669999999925,1763,,-4.562998120879393,33.823765772014966,38.09299373696822,83.1457758574892,3844,3167.2715189946994,2490.460113378699,78.63108983372472,0.01358133205599817,0.010679149409568371,76.1,77.225,,
13.627639999999666,1763,,-4.561726002676716,33.807460400925805,38.08809165821798,83.1687679415943,3844,3167.739656460504,2489.5692924039427,78.59134785040006,0.0135796422714875,0.01067242389442471,76.1,77.225,,0.2828250000001863,3174,
13.65066000000015,1763,,-4.562436104755328,33.813649216950566,38.08014907207977,83.22490979764656,3843,3169.2169716047733,2489.6365776955013,78.55683596301209,0.013581761097135598,0.010669401785965003,76.1,77.225,,
13.676834999999963,1525,,-4.5626877823828655,33.821596376973034,38.08357147438505,83.17732487770886,3843,3167.6895970283713,2489.6355981796287,78.59468303065967,0.013584958538391199,0.0106770551030951,76.1,77.225,,
13.699730000000446,1525,,-4.56232099026008,33.810109673617475,38.073270811637805,83.24502524317367,3843,3169.4103898049766,2489.1272934413932,78.53597317179732,0.013583117971790274,0.01066763388621879,76.1,77.225,,
13.722820000000299,1525,,-4.5614096495066505,33.77569576345007,38.07042048832882,83.24536814773275,3842,3169.1861690899204,2488.485569801224,78.52128076514451,0.013572791489463214,0.01065752971310905,76.1,77.225,,
13.748540000000038,1525,,-4.561477746635338,33.76015301588833,38.06303771051313,83.27909020842964,3842,3169.8551511006817,2488.0331084319923,78.4904353616304,0.013569012768147865,0.010650377195994477,76.1,77.225,,
13.771924999999813,1525,,-4.56203059980358,33.76057229382246,38.05318317908781,83.32153162790655,3841,3170.6495057988864,2487.6096485651215,78.45741523985748,0.013571491135394133,0.010647841154336625,76.1,77.225,,
13.794105000000448,1525,,-4.525878380785869,33.75363353153566,38.78072904852178,76.76053969762427,3836,2976.8296916318664,2465.1462709821217,82.81112882983757,0.013692345127288579,0.011338785563184933,76.1,77.225,,
13.81868500000052,1525,,-4.421944630561307,33.72515136665135,39.98387817722756,66.7957193196559,3747,2670.751904037407,2352.551003295565,88.0857184727337,0.014335566506064082,0.012627586754003113,76.1,77.225,,
13.841799999999814,1525,,-4.259708761573007,33.6217503503864,40.86028910020533,59.617632517642,3580,2435.9937001406543,2165.1859378191853,88.88306803478874,0.015528343207443349,0.013802067857747367,76.1,77.225,,
13.863715000000782,1525,,-4.067974553634427,33.36867736640428,41.53358932060184,54.10426867238999,3513,2247.1444755305497,2029.0021457539835,90.29246529753887,0.016445856125008863,0.0148493689345568,76.1,77.225,,
13.886615000000223,1525,,-3.857610606607043,32.950734731627286,42.018254232868536,50.159393378864756,3398,2107.610143159602,1861.2377791079766,88.31034454587133,0.01770366747413615,0.01563416974366499,76.1,77.225,,
13.909674999999813,1525,,-3.6478897541650666,32.428619907796985,42.45006279960048,46.64360208349237,3309,1980.023837643827,1713.8174727741298,86.55539595995594,0.01892186328063588,0.016377893685555894,76.1,77.225,,
13.933635000000708,1525,,-3.4381589020955468,31.76153604549108,42.8015519961455,43.789079238763165,3263,1874.240551901257,1593.055552576691,84.99739006077274,0.019937494329132666,0.016946349823277335,76.1,77.225,,
13.958490000000223,1525,,-3.2219013687898466,30.8881007734512,43.13077373267385,41.1219036229681,3207,1773.6195206190582,1467.0924367597358,82.71742725563072,0.02105395679202844,0.01741529139387805,76.1,77.225,,
13.981629999999889,1525,,-3.0550863296248534,30.09840733442347,43.32000692723511,39.61521481947059,3151,1716.131380403373,1366.9631091836022,79.65375639610416,0.022018448875624215,0.017538521629590447,76.1,77.225,,
14.003544999999926,1525,,-2.9234634080878683,29.351555949196168,43.466806550425616,38.44460327915627,3120,1671.0641336429437,1295.1876103093832,77.50675657707137,0.02266201105968341,0.017564589747497816,76.1,77.225,,
14.029745000000112,1525,,-2.801816389228136,28.43236235618667,43.60139942500719,37.37043952397714,3091,1629.4034603730026,1229.6105203133518,75.4638461386273,0.0231230636746187,0.01744955319395108,76.1,77.225,,
14.051995000000112,1525,,-2.719098664787273,27.72723530208385,43.68275667186524,36.72197793417969,3062,1604.117226608376,1182.1549764748042,73.69504901922058,0.023454822636509717,0.01728504303934708,76.1,77.225,,
14.072724999999627,1525,,-2.6634672187163693,27.030795102732817,43.73921569936348,36.267118019277,3052,1586.2952978394285,1153.9921962080618,72.74762761888195,0.023423724347143883,0.01704020376253362,76.1,77.225,,
14.097700000000186,1525,,-2.6141516699804668,26.265440003933154,43.770666911907895,36.01015509429337,3037,1576.1885040784582,1127.1446684037164,71.51077840544954,0.02330263429372448,0.01666389517241761,76.1,77.225,,
14.11986999999918,1525,,-2.585213808774761,25.545691796603155,43.79862758233748,35.78463531395913,3029,1567.3179152858581,1111.9621939219558,70.94681832429309,0.02297352548156516,0.016298985386091216,76.1,77.225,,
14.146719999999739,1525,,-2.569379761726073,24.828533920506718,43.83380643315589,35.49218467851686,3023,1555.7575530879292,1102.9053079535158,70.89184981068712,0.022511936193848805,0.015959127996021012,76.1,77.225,,
14.169334999999963,1525,,-2.5613046209895702,24.300536519846588,43.85601969869618,35.31613975825721,3018,1548.8253209200354,1097.6287116749238,70.86846378666569,0.022139122511441272,0.01568965601970631,76.1,77.225,,
14.192135000000707,1525,,-2.5600141874483615,23.760222406886637,43.87152954460203,35.1984573451926,3016,1544.2101613440316,1096.1590558055198,70.98509537402977,0.02167588935296099,0.015386650730368523,76.1,77.225,,
14.217805000000633,1525,,-2.5613574826862453,23.185647850800173,43.882695348495396,35.09963602938281,3013,1540.2666347204784,1095.59853341475,71.13044642517852,0.021162540057931063,0.0150530092181136,76.1,77.225,,
14.240805000000634,1525,,-2.564189005690866,22.750503386154097,43.898674640911786,34.95888911327979,3011,1534.6488989915827,1096.05294804019,71.42043686737767,0.020756755799830107,0.014824565671733415,76.1,77.225,,
14.264120000000112,1525,,-2.5684383158304636,22.405712481634975,43.91148354134328,34.848779059381506,3010,1530.2615881019394,1097.4779673509884,71.71832423188806,0.020415637623884365,0.014641753185104717,76.1,77.225,,
14.287895000000484,1525,,-2.5744453624753123,22.056479451727668,43.926853078429154,34.71633890555517,3009,1524.9795185252758,1099.7107878459792,72.11315132346495,0.020056618244993343,0.014463459465381728,76.1,77.225,,
14.31009499999974,1525,,-2.5791001937942797,21.78586047016468,43.92025435655447,34.76749225371637,3007,1526.9971031227603,1101.0070838626882,72.10276179379068,0.019787211898521895,0.014267126260823848,76.1,77.225,,
14.33090500000026,1525,,-2.5854081669749753,21.557320001387026,43.91831410085696,34.777661408252015,3006,1527.3762574208633,1103.398268934639,72.24141815572305,0.019537206653587744,0.01411395515456607,76.1,77.225,,
14.353075000000187,1525,,-2.5921092782035746,21.365952523151833,43.91902125240988,34.765500838326766,3004,1526.8667701691465,1105.6328415423877,72.41187398556755,0.019324636281015092,0.013993331271977915,75.9875,77.1125,,
14.375920000000857,1525,,-2.598690335084742,21.220567933302352,43.92126716820509,34.7468322395732,3003,1526.1249020430967,1108.157838641483,72.61252582655187,0.01914940922072721,0.013904869716032652,75.9875,77.1125,,
14.400959999999962,1525,,-2.605465383085635,21.054023855434195,43.92904000906913,34.68222229345493,3002,1523.556730732611,1110.3618930464997,72.87958962398308,0.018961407075731202,0.013818995663725792,75.9875,77.1125,,
14.424174999999813,1525,,-2.610627580796381,20.927126827192343,43.9175242022356,34.76883571166478,3000,1526.9611838505912,1111.8965476310175,72.81760396993913,0.018821109636304945,0.013705081077712584,75.9875,77.1125,,
14.446030000000261,1525,,-2.6174427161604354,20.800187684678818,43.912553090084934,34.795993014633574,2999,1527.9808905773214,1114.5440455579503,72.94227646635287,0.018662508464854854,0.013612858519990929,75.9875,77.1125,,
14.471015000000596,1525,,-2.6239208981259936,20.696115590254113,43.91077195104142,34.80301308641126,2999,1528.227170846515,1117.0847739385529,73.09677482829845,0.018526897933882805,0.013542564865398989,75.9875,77.1125,,
14.493294999999925,1525,,-2.6297562770777194,20.61878059737585,43.90829402509231,34.81997607920093,2998,1528.8857476322353,1119.5347563955806,73.22553422513023,0.018417275997539756,0.013486148738915172,75.9875,77.1125,,
14.515465000000782,1525,,-2.6347812878831784,20.518159018216792,43.90945016695173,34.79442681267144,2998,1527.8041502186456,1121.6838581141178,73.41803973720012,0.01829228340034587,0.013429835895707194,75.9875,77.1125,,
14.540100000000558,1525,,-2.6393107528671647,20.408049146782016,43.90599290444833,34.81254619933503,2999,1528.4794064137836,1123.8585001765935,73.52787976473051,0.018158913371723637,0.013351863990542528,75.9875,77.1125,,
14.563089999999852,1525,,-2.644403876635511,20.314462214311938,43.90503320424796,34.81448533941136,3000,1528.5311348156595,1126.2469831959095,73.68165145891743,0.018037306663114285,0.013290185428091955,75.9875,77.1125,,
14.587830000000075,1525,,-2.6496030460973694,20.26027353993846,43.904186242809125,34.81619668308775,3000,1528.576783440558,1128.5292555430508,73.82875808194139,0.017952811981102934,0.013254338126434277,75.9875,77.1125,,
14.612445000000298,1525,,-2.6550592765609613,20.207582439260506,43.91346841778503,34.74486689536173,3000,1525.767615089612,1130.7467912499787,74.11002698360242,0.017871005777449194,0.013244207203908747,75.9875,77.1125,,
14.634040000000038,1525,,-2.659013033113594,20.169384647612407,43.91300345267762,34.750958426959706,2998,1526.018957386938,1131.9639148136116,74.17757881277686,0.017818045596385893,0.013216994815155663,75.9875,77.1125,,
14.657120000000111,1525,,-2.6621622692803233,20.1371135645802,43.908714523094375,34.78604345664377,2998,1527.4104515257263,1133.099630653322,74.1843575524491,0.017771706052864527,0.013183825961427259,75.9875,77.1125,,
14.68315499999933,1525,,-2.6658271705084333,20.13513974237184,43.90523658367077,34.8162352692034,2997,1528.6150464471177,1134.2976256019206,74.20426929842873,0.017751196236249753,0.01317214545883931,75.9875,77.1125,,
14.709610000000335,1525,,-2.6696883726119176,20.11787852382746,43.90224597506806,34.85176079712683,2996,1530.070575179696,1135.6793048367065,74.22398177308447,0.017714400921235517,0.013148333710988957,75.9875,77.1125,,
14.732154999999329,1525,,-2.672066924827227,20.090291210353847,43.900312988676575,34.87131549177961,2996,1530.861664416011,1136.7605633582455,74.25625644573795,0.017673283062356264,0.013123518393164437,75.9875,77.1125,,
14.755540000000037,1525,,-2.6744517038206213,20.05159099918833,43.90905657320048,34.80307097830506,2997,1528.1700125075085,1137.837429611414,74.45751587183585,0.017622544730345358,0.013121309039618268,75.9875,77.1125,,
14.78025,1525,,-2.6769793181236325,20.021729708851723,43.911845872989495,34.776595614555085,2997,1527.1045066136253,1138.9616592751415,74.58308546288062,0.017578932131564428,0.01311090997514648,75.9875,77.1125,,
14.803305000000634,1525,,-2.6789064183504405,20.0016668453611,43.91001404865172,34.794377938133664,2997,1527.8216240775466,1139.9406479252516,74.61215563129066,0.017546235307746176,0.013091624395248047,75.9875,77.1125,,
14.826625,1525,,-2.6824767732556865,19.964218169138,43.9035685163675,34.84837706580275,2998,1529.9681101926808,1141.7014315648903,74.62256395795772,0.01748637394784882,0.013048780583161144,75.9875,77.1125,,
14.851230000000447,1525,,-2.6856684051536464,19.89909747805484,43.91605784677051,34.7546129975075,2999,1526.2855948406616,1143.4756754711118,74.91885393771841,0.017402291893840606,0.013037597645761855,75.9875,77.1125,,
14.87353500000015,1525,,-2.6881587056214866,19.84828645327026,43.92247150144592,34.710604256348674,3001,1524.575526247442,1145.4091458247744,75.12970830930628,0.017328555936209245,0.013018893529088986,75.9875,77.1125,,
14.896120000000112,1525,,-2.6898559660298624,19.790572475161994,43.9189757960684,34.74043777990158,3002,1525.764446000318,1146.5140281952397,75.14358007232008,0.017261517947857033,0.01297092256084585,75.9875,77.1125,,
14.923455000000075,1525,,-2.6916001791817585,19.73654757735483,43.92647969904129,34.67748282632645,3003,1523.2597453844814,1147.6151281128027,75.33942465098995,0.01719788027699724,0.012956784052855795,75.9875,77.1125,,
14.945235000000336,1525,,-2.6929061959736345,19.696095283070267,43.92492132690598,34.691582427402075,3004,1523.82502882951,1148.4724193885058,75.3677356428958,0.017149820013577063,0.012925431011065195,75.9875,77.1125,,
14.968214999999851,1525,,-2.693123812060273,19.639536218768583,43.92403525726962,34.70148219959225,3004,1524.2291276144042,1148.7523892577708,75.36612235298914,0.01709640511081595,0.012884897593780236,75.9875,77.1125,,
14.99347500000056,1525,,-2.6920569969052326,19.580755998951922,43.928698013007235,34.670738988017476,3005,1523.0404228924158,1148.4312146932818,75.40385648545616,0.01705000329878831,0.01285636001818388,75.9875,77.1125,,
15.01559499999974,1525,,-2.690706194913634,19.54083971592146,43.92410909822752,34.71200520825261,3005,1524.6939037855295,1147.9030458829627,75.2874424848774,0.017023075063705158,0.01281623784774453,75.9875,77.1125,,
15.03719000000041,1525,,-2.6890457503720726,19.51639707620773,43.933902211756596,34.6339975614574,3005,1521.6066620672857,1147.1127776910782,75.38825941604301,0.01701349462385953,0.012826177462769754,75.9875,77.1125,,
15.059224999999627,1525,,-2.6880927223422217,19.49129903189703,43.94130031979676,34.57062517774696,3004,1519.0782231785065,1146.576600571427,75.47844364277303,0.016999561147666035,0.012831004180359849,75.9875,77.1125,,
15.081660000000149,1525,,-2.686979819207312,19.473271212567013,43.93863285670321,34.588688979022265,3004,1519.779706043956,1146.0914416699009,75.41168217420275,0.016991027508410396,0.012813219662773807,75.9875,77.1125,,
15.10353000000026,1525,,-2.685884647194486,19.45611102588389,43.937414967425255,34.588505894466024,3004,1519.729536588388,1145.5606881574558,75.37924746327582,0.016983919950306178,0.012802351048305965,75.9875,77.1125,,
15.126234999999404,1525,,-2.6857955736117245,19.451792507361176,43.94098568511963,34.55775651681637,3004,1518.5018844152776,1145.5013570635374,75.43628156277397,0.01698102964908338,0.012809857338340667,75.9875,77.1125,,
15.153450000000186,1525,,-2.685116455343821,19.45209244400999,43.9352583812181,34.59851477404575,3004,1520.0946862040919,1145.1292110916224,75.3327553529698,0.016986810095837836,0.01279663209177109,75.9875,77.1125,,
15.18052999999933,1525,,-2.6867785413139638,19.46871509891054,43.93550581745245,34.59640540350361,3003,1520.0105708685762,1145.59077869302,75.36729024446176,0.016994476091298484,0.012808276121254588,75.875,77.1125,,
15.202665000000037,1525,,-2.687508079083013,19.481805610765754,43.930371374114024,34.60962540935025,3002,1520.4136973517295,1145.4464286637774,75.33781303463172,0.017008046053705272,0.012813489936784536,75.875,77.1125,,
15.223365000000223,1525,,-2.6883473764498187,19.50049131530746,43.934021794788464,34.561106941745166,3001,1518.408425630647,1145.6094151617347,75.44804124001907,0.017021937020790304,0.01284271806329594,75.875,77.1125,,
15.247935000000522,1525,,-2.6885142298502203,19.51805009917437,43.93044219087224,34.56788128857485,3001,1518.5823106086718,1145.486552495691,75.43131146026334,0.01703909142944547,0.012852810126144051,75.875,77.1125,,
15.269625,1525,,-2.6895193348104898,19.52248768001771,43.93136615753229,34.55475127141428,3001,1518.0374305869552,1145.807679190267,75.47954062945838,0.017038188899042895,0.012860346712576952,75.875,77.1125,,
15.294709999999963,1525,,-2.6905223664295788,19.530330090396642,43.9323625316098,34.53748557573207,3000,1517.3133372433053,1145.9473029982823,75.52476307103908,0.017042956547213862,0.01287165255258341,75.875,77.1125,,
15.316514999999665,1525,,-2.6912744132765023,19.53621012437116,43.92150269396312,34.62273042779942,3000,1520.682347756951,1146.2224294904163,75.37553330458043,0.017043995669371523,0.012847002632198378,75.875,77.1125,,
15.339530000000261,1525,,-2.6925123449649826,19.537576444073324,43.92694014615111,34.578094132270614,3000,1518.9098713162302,1146.979303466454,75.51332209543973,0.017033939832241052,0.012862893851063588,75.875,77.1125,,
15.364705000000075,1525,,-2.6942158556998166,19.523760623100962,43.91371540299332,34.67819156867598,3001,1522.8482352373194,1148.0189429951224,75.38630025179206,0.017006479502998856,0.012820555700390195,75.875,77.1125,,
15.387820000000298,1525,,-2.694911653623885,19.509642380208383,43.91730318923364,34.64667041649226,3002,1521.5883291785426,1148.485046146444,75.47935431171943,0.016987284636983162,0.012821892759088802,75.875,77.1125,,
15.410764999999664,1525,,-2.695699023431357,19.503970442412097,43.91079843565805,34.68272258427508,3002,1522.9460405979485,1148.8690887590942,75.4372813043342,0.016976669172532568,0.01280673767978958,75.875,77.1125,,
15.435915000000037,1525,,-2.6949242311565063,19.5131526412064,43.91884355692635,34.60206202289265,3001,1519.6825487304848,1148.2767611994598,75.56030449640349,0.016993422927782213,0.012840282108593885,75.875,77.1125,,
15.457639999999664,1525,,-2.6948590125391516,19.517585164965777,43.92768826054557,34.529118545416836,3000,1516.7843553744935,1148.0185590183587,75.68765823240004,0.017001105959170874,0.012867738974105446,75.875,77.1125,,
15.478504999999888,1525,,-2.694178061941318,19.524482705119674,43.923981226284496,34.54698567678605,3000,1517.44115029187,1147.6414514726039,75.63004675679598,0.01701270259981173,0.012866714930832255,75.875,77.1125,,
15.50096999999974,1525,,-2.6935435939710413,19.53090940966369,43.931316857462335,34.48922866029808,3000,1515.1572324450262,1147.3677505585147,75.72598579138842,0.017022362185233505,0.0128903515697486,75.875,77.1125,,
15.52181000000052,1525,,-2.692248825345263,19.541895985416947,43.922452145475205,34.56335905170013,3000,1518.1074839351763,1146.7715966850276,75.53955229259611,0.017040791768741657,0.012872537809221016,75.875,77.1125,,
15.547419999999926,1525,,-2.6902164544282257,19.54534900688988,43.91686303027393,34.61761900871661,3000,1520.2972324400146,1145.9378819017938,75.37591054234906,0.01705620288462102,0.012856268228233499,75.875,77.1125,,
15.571679999999702,1525,,-2.6884872060773493,19.5476636462788,43.92610355878738,34.547351176071196,3001,1517.5305254418984,1145.3788157140027,75.47649266432208,0.017066548968860784,0.012881232580535145,75.875,77.1125,,
15.593834999999963,1525,,-2.6863828248784296,19.549499837005737,43.925867013334376,34.554406017384686,3001,1517.8322434444008,1144.541584873653,75.40632963998424,0.017080637431940774,0.012879881766539801,75.875,77.1125,,
15.618674999999813,1525,,-2.684692756218319,19.56743334993187,43.922898078733674,34.57866864845575,3001,1518.7953387444256,1143.805956985854,75.3100781788959,0.01710730148800394,0.012883522124915192,75.875,77.1125,,
15.640784999999218,1525,,-2.6834088207799147,19.581057336533362,43.917190423158445,34.63099118011583,3001,1520.8958341998673,1143.2263086851813,75.16795581773847,0.017127892515921395,0.012874686678877532,75.875,77.1125,,
15.66393499999959,1525,,-2.6835679013815263,19.59966499794578,43.918813626345454,34.61630333445549,3001,1520.3069745789912,1143.2833560439626,75.20082293647076,0.017143313505206068,0.012891912834494092,75.875,77.1125,,
15.690030000000261,1525,,-2.6853504016060374,19.606638725273942,43.92194566591637,34.60427280511718,3000,1519.8869899549043,1143.8950373384985,75.26184807808892,0.017140242841592115,0.012900063527654567,75.875,77.1125,,
15.712589999999851,1525,,-2.686975629770222,19.619359870742446,43.91542308518044,34.65675287935554,3000,1521.965965455444,1144.360269693403,75.18960973289285,0.017144390967015016,0.012890800659179925,75.875,77.1125,,
15.734674999999815,1525,,-2.688674627443119,19.64839088406263,43.91852889484616,34.635992843930644,2999,1521.1618525178528,1144.979729036895,75.27007906106145,0.017160470518189842,0.012916699726291636,75.875,77.1125,,
15.757919999999926,1525,,-2.691092984713082,19.686038023323903,43.91079172439298,34.67907283644088,2998,1522.7855445160096,1145.4439478629492,75.22030610206562,0.01718638267725983,0.012927649657707225,75.875,77.1125,,0.2333300000000745,-3070,
15.780139999999665,1525,,-2.6930657585280615,19.708874869455446,43.90468439868191,34.71308547989401,2997,1524.0670624992142,1146.0015397047346,75.1936425832525,0.017197947984025748,0.012931763538762001,75.875,77.1125,,
15.806634999999776,1763,,-2.6962055097698525,19.705839060152705,43.904486365877545,34.719083722207216,2997,1524.3235379174077,1147.1484728269604,75.25623296444276,0.01717810686840813,0.012927596123770166,75.875,77.1125,,
15.828980000000447,1763,,-2.6980852441350405,19.704244192766648,43.89612743297499,34.77340365244311,2997,1526.4177580059206,1148.093748171496,75.2149103448155,0.017162574244610675,0.012908814830946313,75.875,77.1125,,
15.850044999999925,1763,,-2.699714785984447,19.70515545683315,43.88922815733865,34.81821748762391,2997,1528.1446913461643,1148.8891574763438,75.18196175941108,0.017151485266096167,0.012894823093927447,75.875,77.1125,,
15.872765000000596,1763,,-2.7011150892050737,19.705678809973456,43.888491646244745,34.814763630493516,2998,1527.9674627629001,1149.79860268392,75.2502020301422,0.017138374289180237,0.012896661277290073,75.875,77.1125,,
15.89661999999918,1763,,-2.701746467422618,19.684500805269252,43.88657538895001,34.82219677545346,2998,1528.2269639947901,1150.2028080728496,75.26387344103756,0.017113939095880305,0.012880613461899603,75.875,77.1125,,
15.921009999999777,1763,,-2.708148301478183,19.659727976900424,43.35677623318252,39.102954595066315,3006,1695.3780524345866,1155.7490045469037,68.17057722831979,0.017010378464143917,0.011596073187728708,75.875,77.1125,,
15.943735000000336,1763,,-2.7422314857150334,19.66071972252851,42.896206472159065,42.83565236933795,3039,1837.4869884047503,1183.1059075533499,64.38717199192176,0.016617886528169454,0.01069978718031486,75.875,77.1125,,
15.966294999999926,1763,,-2.8210210432770713,19.71320207296806,42.20999802275043,48.80101996399222,3074,2059.890956188316,1231.1646726766087,59.768439148584484,0.016011832137865563,0.009570022147893672,75.875,77.1125,,
15.992830000000074,1763,,-3.0014702571811367,19.901622470558973,41.293932938880516,56.77681525781014,3177,2344.53800173922,1353.6793423636145,57.73757308942875,0.014701873514453881,0.008488504965923177,75.875,77.1125,,
16.01906500000041,1763,,-3.237288713869772,20.250077022880905,40.584798515578086,62.89149049080483,3263,2552.438469913709,1499.9869811109113,58.76682234622571,0.013500168520051696,0.00793362005061987,75.7625,77,,
16.04172000000067,1763,,-3.4399950531317502,20.607975988959495,39.977476320239376,68.0944347804084,3379,2722.2436539738615,1650.1979873709906,60.619040656484735,0.012488183931063355,0.007570217294427889,75.7625,77,,
16.06596999999974,1763,,-3.659628164386961,21.133571280681874,39.470332006194084,72.41825609876744,3447,2858.3726115279405,1791.1020392337427,62.661600940694385,0.01179920005547149,0.007393567652953735,75.7625,77,,
16.089729999999516,1763,,-3.8779900282875572,21.744836539948075,39.02189623430132,76.1826071687884,3525,2972.789791799001,1941.127183028867,65.29648306731377,0.011202169919653688,0.0073146229847583875,75.7625,77,,
16.11065500000026,1763,,-4.03602305023666,22.187221919925932,38.772667154203006,78.26633042432292,3596,3034.5943789231446,2060.587828167002,67.90323749621594,0.010767423555861045,0.007311429189359825,75.7625,77,,
16.13165500000026,1763,,-4.178750480315888,22.784674806864412,38.57318550398253,79.91647614009685,3635,3082.6330589765494,2156.6057084993977,69.95985792793003,0.010565062828623583,0.0073913029449016055,75.7625,77,,
16.154754999999888,1763,,-4.313108413172652,23.45631119104526,38.4007601169545,81.3282351249988,3686,3123.066047770352,2257.3902328021004,72.28121974601585,0.010390897794365363,0.007510667668329142,75.7625,77,,
16.176770000000484,1763,,-4.419266821003321,24.10550980603176,38.26951631738203,82.39556821532136,3713,3153.2385422962047,2329.5563946727816,73.87821642495803,0.010347682443385412,0.007644683230491658,75.7625,77,,
16.20231499999948,1763,,-4.518232694696008,24.850079703001846,38.15670578916961,83.27947417001539,3740,3177.670394182027,2399.199402523453,75.5018332586076,0.010357655006442895,0.007820219412466337,75.7625,77,,
16.226059999999592,1763,,-4.58767941540953,25.501404083397418,38.093029597095594,83.76076505701322,3762,3190.701302392175,2450.398916385334,76.79812944408768,0.010407041854644385,0.007992413474830179,75.7625,77,,
16.2478049999997,1763,,-4.637202044942437,26.228363383817953,38.03723124305562,84.1823271092965,3773,3202.062642834861,2484.383651781859,77.58697842283236,0.010557291892098206,0.008191083782357665,75.7625,77,,
16.273764999999663,1763,,-4.673789434831822,27.047024299743743,37.99595094388937,84.44211786810764,3790,3208.458568114742,2514.7641982484006,78.37920125382983,0.010755292412140554,0.008429912285149534,75.7625,77,,
16.296669999999924,1763,,-4.701200362992233,27.66035735307226,37.963284562552126,84.65999749878576,3803,3213.971576111355,2538.197757669431,78.97387072540464,0.01089763682498481,0.008606285618287593,75.7625,77,,
16.319245000000112,1763,,-4.715261955140606,28.25286747997123,37.94075314462074,84.76706229621578,3808,3216.1261853754113,2549.653626663901,79.27716388299253,0.011081061044726592,0.008784750924402345,75.7625,77,,
16.345430000000633,1763,,-4.7228382368661945,28.922386017419797,37.92256992844196,84.83472758543022,3814,3217.1508892188012,2557.605218760358,79.4990756364991,0.011308385596522261,0.008990062018646201,75.7625,77,,
16.371405000000262,1763,,-4.723195067026206,29.54860963021399,37.913694081409844,84.83329943866538,3819,3216.3437628341967,2561.3509088560622,79.6354835715395,0.011536337925446866,0.00918701849337652,75.7625,77,,
16.39490500000026,1763,,-4.7206924131700605,30.020620660702257,37.90582288613737,84.82742518737955,3824,3215.4533550398774,2563.277634054639,79.71745663910743,0.011711810013032065,0.009336357068793474,75.7625,77,,
16.417070000000297,1763,,-4.713599191134089,30.44678092993419,37.90062544411473,84.81406631678112,3826,3214.506159864629,2560.851200451549,79.66546253435686,0.011889320599559076,0.009471682247831306,75.7625,77,,
16.44312000000011,1763,,-4.703329849810434,30.894770985279482,37.89831679001703,84.75604023515416,3829,3212.1112626993017,2556.899450244752,79.6018332221798,0.012082904152653388,0.00961821321199099,75.7625,77,,
16.464979999999517,1763,,-4.695189024899449,31.238207991667856,37.89995159145024,84.66095753219248,3830,3208.64619215592,2553.363352215501,79.57759127377867,0.012234141280583158,0.009735634944119099,75.7625,77,,
16.488,1763,,-4.686618044472193,31.547674584343984,37.901925796388326,84.57148330993432,3831,3205.4220849036246,2549.3653283827884,79.53290583444141,0.012374717045499525,0.009841972055075705,75.7625,77,,
16.513540000000038,1763,,-4.677535705993367,31.82440983642296,37.89958603834176,84.53900163617492,3834,3203.993166105726,2546.064693831713,79.46535968821408,0.01249945058879421,0.009932733369435912,75.7625,77,,
16.540615000000223,1763,,-4.667106696732587,32.07402157841222,37.903397283016886,84.43341405406281,3837,3200.313236852604,2542.392633880671,79.44199350876745,0.012615683805476932,0.01002215070983361,75.7625,77,,
16.56468000000063,1763,,-4.659734753167195,32.25053730220061,37.90680126896672,84.337758356394,3839,3196.9746454859646,2539.6195847269823,79.43821476072235,0.012698963851181536,0.010087830176488084,75.7625,77,,
16.587834999999963,1763,,-4.6501745207162735,32.4397167347594,37.90780474698743,84.26360239355516,3839,3194.2481868126715,2534.9577476900213,79.36007471665775,0.012796945733837209,0.010155665695823355,75.7625,77,,
16.612054999999703,1763,,-4.641118251401747,32.58979336251209,37.90497096362833,84.21618727083634,3840,3192.2121331685375,2530.5625934299487,79.27300842999283,0.012878477476559697,0.010209156535647898,75.7625,77,,
16.63519000000041,1763,,-4.633608282636313,32.70946404523669,37.918560385503866,84.06611327156683,3841,3187.665992462515,2526.6719899159134,79.26401310207613,0.012945670896650599,0.010261258275672787,75.7625,77,,
16.65719000000041,1763,,-4.627072875074607,32.815630998131105,37.93705759333266,83.89859213481645,3841,3182.8657218180583,2523.161838186184,79.27327316670304,0.013005757498980388,0.010310089669565689,75.7625,77,,
16.68262000000011,1763,,-4.619423879357397,32.94261914039833,37.94777693027906,83.78833610381417,3841,3179.5810878267876,2518.9475389906056,79.2226230252326,0.013077929822071292,0.010360679042444011,75.7625,77,,
16.704335000000896,1763,,-4.612621722913144,33.038926519610754,37.95652186089599,83.72316928874008,3841,3177.8403053715588,2515.482699053212,79.15698893998065,0.013134229280148136,0.01039666041863856,75.7625,77,,
16.727540000000037,1763,,-4.605626202489544,33.11672402203882,37.96328787106514,83.67448386143579,3841,3176.558518294481,2511.885475200473,79.07568712284022,0.013184010317745787,0.010425346749103632,75.7625,77,,
16.75221499999985,1763,,-4.598032749144747,33.195042316969634,37.97356960570341,83.61741378661672,3842,3175.2516826749943,2508.113615165396,78.98944291094534,0.013235063242850986,0.01045430272443929,75.7625,77,,
16.774145000000484,1763,,-4.592507188548736,33.25203252481928,37.985956196936854,83.50073113503483,3842,3171.855115307634,2505.3769465474243,78.98774866658532,0.013272267301191057,0.010483465138222181,75.7625,77,,
16.79712999999989,1763,,-4.586333854642181,33.30588414627408,37.99556805923676,83.401179130083,3843,3168.8751778576648,2502.2704588640595,78.96399568997012,0.013310265494399735,0.010510317471321388,75.7625,77,,
16.8215700000003,1763,,-4.579926111050158,33.33204185365439,38.00241442781207,83.34468579790482,3843,3167.2992900477616,2498.979333124364,78.89937464945666,0.01333826231046929,0.010523805552064436,75.65,77.1125,,
16.843950000000188,1763,,-4.5744589207033215,33.3424526247751,38.00264539356893,83.33233690276853,3842,3166.849249133331,2495.477307611131,78.80000313542132,0.013361152402821545,0.010528588512351797,75.65,77.1125,,
16.866575000000186,1763,,-4.569230531309075,33.36418399434882,38.0088680328445,83.26920051548028,3841,3164.9680535933567,2491.915624632376,78.73430576347118,0.013388970182034525,0.010541712721703048,75.65,77.1125,,
16.89333499999996,1763,,-4.565886024024909,33.41041797176172,38.00658501380958,83.25829203892934,3839,3164.363354482153,2488.908832102495,78.6543311651327,0.013423721086456352,0.01055833803802513,75.65,77.1125,,
16.915325000000188,1763,,-4.564053434031334,33.44325544170406,38.0083566900279,83.19303683449904,3838,3162.0306181322694,2486.917141031189,78.64936938846428,0.01344767579503552,0.010576512210200588,75.65,77.1125,,
16.938479999999515,1763,,-4.562576144636428,33.45815689493044,38.00633395222063,83.17286747100422,3837,3161.0957768667745,2485.632883323018,78.63200164680667,0.013460618870716161,0.010584354052091901,75.65,77.1125,,
16.963200000000185,1763,,-4.561399106962901,33.492345525421214,37.999860935489636,83.1848947565764,3835,3161.014432683244,2483.888924019563,78.57885425442682,0.013483833838762038,0.010595442140069907,75.65,77.1125,,
16.984705000000073,1763,,-4.560517716355512,33.51794112999088,37.99803860388974,83.18753885606417,3833,3160.9633128153037,2481.925571230112,78.51801256812409,0.013504813165440112,0.010603710898541945,75.65,77.1125,,
17.00720999999996,1763,,-4.559117654574755,33.56097583601431,37.99223698934144,83.21508380478171,3832,3161.527184999176,2480.4640138696045,78.45777906446347,0.013530120029299715,0.010615431679744691,75.65,77.1125,,
17.034589999999852,1763,,-4.559907395155823,33.59794436045105,37.985120014188624,83.28910137501255,3831,3163.7465116037743,2480.0532455210887,78.38975835848157,0.013547267350460343,0.010619670140203333,75.65,77.1125,,
17.0574450000003,1763,,-4.561506039581669,33.62708778755318,37.98090089266586,83.33911076303465,3829,3165.2945063737216,2479.946340899291,78.34804426272515,0.013559602977280207,0.010623683742489294,75.65,77.1125,,
17.079740000000225,1763,,-4.5652666578243,33.6841686941349,37.973545809517354,83.42983644883044,3828,3168.1267162702034,2481.328511911489,78.3216308605461,0.013575054061739828,0.010632203731355434,75.65,77.1125,,
17.105629999999888,1763,,-4.568662651297659,33.75187929165924,37.973982076157924,83.42884495034144,3827,3168.1254627788244,2482.1685552678023,78.34817731904607,0.013597738646728502,0.010653580386319302,75.65,77.1125,,
17.128759999999776,1763,,-4.57088061041562,33.789435053596684,37.97028021101498,83.45237104320373,3827,3168.709912784038,2483.371071536832,78.37167616757114,0.013606277145157417,0.010663467462665015,75.65,77.1125,,
17.151759999999776,1763,,-4.5724111045052895,33.77666734419485,37.96108806924991,83.52797209496845,3827,3170.8127049429463,2484.448758316535,78.35369003169296,0.013595236058352821,0.010652369120238722,75.65,77.1125,,
17.175884999999777,1763,,-4.573705064881966,33.76524356696898,37.960088217531,83.52524502922458,3827,3170.6256697002577,2485.379886940446,78.38767946313281,0.01358554631603408,0.010649394499528243,75.65,77.1125,,
17.198770000000483,1763,,-4.575640910801733,33.77159895814114,37.95757921710249,83.52428513814473,3827,3170.379669682985,2486.386396983733,78.42550911993305,0.013582602848499293,0.0106522254356741,75.65,77.1125,,
17.22266000000015,1763,,-4.578899604443906,33.78507621569668,37.95491017260375,83.53601374873469,3827,3170.6018980106173,2487.960370288003,78.46965498409197,0.013579426995368805,0.010655729512082547,75.65,77.1125,,
17.246890000000597,1763,,-4.582417377028431,33.77468444077863,37.95104315467826,83.53561491612075,3827,3170.2637266342836,2489.9583087723718,78.54104653355893,0.013564357411843822,0.010653588266814505,75.65,77.1125,,
17.268625,1763,,-4.5850341232386365,33.76695436813159,37.94800513989175,83.52257775923717,3828,3169.51521010454,2492.2759852587383,78.63271888752146,0.01354864171057125,0.01065366534935097,75.65,77.1125,,
17.291865000000225,1763,,-4.585644650932315,33.75874581128083,37.955465485835816,83.42963654726434,3829,3166.610690465518,2493.089809552964,78.73054357643375,0.013540926476826004,0.010660845020490353,75.65,77.1125,,
17.317424999999815,1763,,-4.585335431562249,33.75970875926591,37.95228725069676,83.41567556111076,3830,3165.8156801062014,2493.6434182161015,78.76780173545825,0.01353830644455849,0.010663826378588597,75.65,77.1125,,
17.339519999999553,1763,,-4.585388593525684,33.75171805016469,37.95398880222707,83.36190279941779,3831,3163.9167253814444,2493.9544283833548,78.82490738066696,0.013533414109753167,0.010667701137455049,75.65,77.1125,,
17.360349999999627,1763,,-4.585362708815048,33.71835186326348,37.955159768638836,83.29855398126018,3831,3161.609924855317,2494.1464865806447,78.88849497126952,0.013518994190870371,0.01066493105243099,75.65,77.1125,,
17.384560000000523,1763,,-4.584755356376938,33.688949265906665,37.95612409390888,83.24816987498303,3831,3159.777866365663,2493.708940048288,78.9203876194158,0.013509575526185633,0.010661809371003432,75.65,77.1125,,
17.405575000000187,1763,,-4.58539850255076,33.70091280832511,37.939213239564644,83.34841311495194,3830,3162.173218347488,2493.7976462091033,78.86341050957135,0.013513892299784176,0.010657516360200148,75.65,77.1125,,
17.428669999999926,1763,,-4.585688551182899,33.72529909909758,37.94269667906481,83.29523598860509,3831,3160.4458739267657,2494.3847940811725,78.92509138218429,0.013520487768816992,0.01067105732685586,75.65,77.1125,,
17.452140000000597,1763,,-4.584700544461645,33.71718277258771,37.94802493750343,83.22629941275227,3832,3158.2736855712506,2494.2206380870016,78.97417660419956,0.013518123560411183,0.010675826774173036,75.65,77.1125,,
17.47747499999963,1763,,-4.58216969017093,33.650585327542,37.94783289271538,83.22690946013445,3834,3158.280852370335,2494.2547876401154,78.97507866560193,0.01349123814226684,0.01065471593581893,75.65,77.1125,,
17.499820000000298,1763,,-4.579074622132351,33.591543307867134,37.960601719470155,83.10997079471919,3836,3154.9045002551316,2494.2643451370404,79.05990006782562,0.0134675153310671,0.010647404162360746,75.65,77.1125,,
17.520674999999812,1763,,-4.5757692350978285,33.55642990563651,37.96248794381638,83.10876068896978,3838,3155.0153256805356,2493.2173676409566,79.02393840521744,0.013459087178342209,0.010635900761717663,75.65,77.1125,,
17.544780000000262,1763,,-4.572916869079954,33.52364388943915,37.95830842688072,83.12696704310325,3839,3155.359053613262,2492.5418154229847,78.99392028202709,0.01344958133982205,0.010624351561845423,75.65,77.1125,,
17.565924999999815,1763,,-4.570528564225268,33.48807164262222,37.946003678353726,83.20333996037272,3840,3157.2342441876185,2492.1037153414018,78.93312699015907,0.013437671729498857,0.010606774490766037,75.65,77.1125,,
17.591865000000222,1763,,-4.568317222847024,33.465954513776815,37.96060387070854,83.05334720255016,3841,3152.7552132924257,2491.2124237890357,79.01699482680293,0.013433601323678539,0.0106148280629844,75.65,77.1125,,
17.615075000000186,1763,,-4.5661489920013265,33.468958459263845,37.96602336798104,82.92835270972053,3841,3148.459776845423,2489.876397661068,79.0823632549558,0.013442016033688983,0.010630263948551322,75.65,77.1125,,
17.637120000000113,1763,,-4.561894394601604,33.50426058212094,37.96949476963668,82.84243893188875,3840,3145.4855517282963,2487.320765027909,79.07589223104978,0.013470020052578545,0.010651538540277804,75.65,77.1125,,
17.662924999999813,1763,,-4.555332820005255,33.52682832450191,37.96509740596264,82.85033869872771,3839,3145.4211788141934,2482.886204398326,78.93652592923534,0.013503167509292443,0.010658931322240713,75.5375,77.1125,,
17.684930000000634,1763,,-4.550842415383241,33.52951785789222,37.967321255572095,82.86194883376,3838,3146.0462312341433,2479.7628498040363,78.82156419650785,0.013521259849723898,0.010657668512626763,75.5375,77.1125,,
17.70883999999985,1763,,-4.547427094401415,33.52465536022477,37.969322125214624,82.8723973804133,3837,3146.608751425705,2477.432629319925,78.73341826172125,0.013532014942996674,0.010654217924308193,75.5375,77.1125,,
17.733930000000633,1763,,-4.545130554501707,33.53561154699095,37.97621203213379,82.82179239880237,3836,3145.257949018285,2475.5093979797675,78.70608510034724,0.013546953840837341,0.010662277018474196,75.5375,77.1125,,
17.756740000000224,1763,,-4.54323743016449,33.54221340195503,37.975461567438266,82.8413561574228,3835,3145.938736950675,2473.758398028893,78.63339387297418,0.013559211533624984,0.010662068211305076,75.5375,77.1125,,
17.780070000000297,1763,,-4.541346731138218,33.504469785063726,37.97479367235968,82.85877494848147,3835,3146.5448826130687,2472.502710647829,78.57833919071649,0.013550832377564957,0.010648019028808424,75.5375,77.1125,,
17.806174999999815,1763,,-4.539564501958146,33.43932768476885,37.97082449138147,82.91663226304789,3834,3148.41289107661,2471.4175569915924,78.4972505987448,0.013530424104243186,0.010621010916180744,75.5375,77.1125,,
17.82902500000037,1763,,-4.538603885949386,33.38947231751851,37.975379784263446,82.86029654160653,3835,3146.651230204199,2470.9865014540133,78.5274986225169,0.013512608141675805,0.010611113172320575,75.5375,77.1125,,
17.85106499999948,1763,,-4.537656160374622,33.35440098634073,37.97919303822013,82.81315864265864,3835,3145.17693819428,2470.5484348524947,78.55037994367639,0.013500808369430801,0.010604936269655554,75.5375,77.1125,,
17.879115000000223,1763,,-4.537922616825469,33.288412669929116,37.97025703619027,82.87961995325236,3834,3146.9604726867556,2470.362282193942,78.49994633344856,0.013475113715048101,0.010577957034683923,75.5375,77.1125,,
17.907375,1763,,-4.540345961392474,33.210280916559704,37.96054338310356,82.9518250747273,3834,3148.8963544568032,2471.8625619568966,78.49933067686828,0.013435326634935624,0.010546641482675477,75.5375,77.1125,,
17.92916000000015,1763,,-4.542493015182709,33.172073100302434,37.96702684485813,82.91071960364177,3835,3147.873516917972,2473.1242872676944,78.56491926934494,0.013413023061995365,0.010537930740235278,75.5375,77.1125,,
17.95191500000004,1763,,-4.545169934668726,33.16695727578245,37.96635976644893,82.9327987421518,3835,3148.656473483039,2474.52105648987,78.58974382659657,0.013403384541342343,0.010533685575134594,75.5375,77.1125,,0.26098499999940394,2825,
17.97662999999989,1763,,-4.547633958032265,33.14693369602452,37.95698828081716,83.01677637078791,3834,3151.0668078172152,2475.2699757626137,78.55339561896707,0.013391239751862693,0.010519273540565083,75.5375,77.1125,,
18.002549999999815,1525,,-4.550064283050408,33.11983738653235,37.95690393350974,83.01546725075288,3833,3151.010115432251,2475.8871973508362,78.57439699177854,0.013376957327446138,0.01051086355588834,75.5375,77.1125,,
18.025074999999255,1525,,-4.552984061760171,33.10571864560363,37.95390260207221,83.04818458547824,3831,3152.002709036156,2476.2254371755453,78.56038416707912,0.013369428384260914,0.010503074299617894,75.5375,77.1125,,
18.048969999999738,1525,,-4.556666826744139,33.1349897084188,37.94951169759131,83.08226710824349,3829,3152.931467486692,2477.299098644446,78.5712954496656,0.013375449789873957,0.010509264172123544,75.5375,77.1125,,
18.074334999999962,1525,,-4.559321715539925,33.19375200441583,37.94123342811418,83.1326212864993,3826,3154.1541897220836,2476.609136763342,78.51896222554545,0.01340290299009251,0.01052382033591724,75.5375,77.1125,,
18.096800000000744,1525,,-4.560729726279111,33.23566616171668,37.92961922011719,83.23498993206222,3820,3157.0714739134078,2473.330872473296,78.34256819683058,0.013437614243856292,0.010527372103020136,75.5375,77.1125,,
18.119074999999256,1525,,-4.5059306105934,33.26759153517859,37.91966802991867,83.32267981580912,3793,3159.568357978687,2426.5132928499806,76.79888573141447,0.013710038858309835,0.010529157076525894,75.5375,77.1125,,
18.143764999999664,1525,,-4.365595928376241,33.24694069092367,39.1958220630652,72.8327219940613,3723,2854.738411647922,2307.8077398165774,80.84130337127372,0.014406287021797625,0.011646230195827853,75.5375,77.1125,,
18.165270000000483,1525,,-4.26021299523826,33.231433144927365,40.07317899476321,65.68150569676048,3565,2632.066734431842,2156.611534565967,81.9360507221901,0.015409095524296833,0.012625604324618579,75.5375,77.1125,,
18.186334999999964,1525,,-4.056674222249829,32.93879004221619,40.797103824723024,59.79520727532994,3467,2439.471279432469,1997.0130453897536,81.86253563330939,0.016494028478310507,0.013502429940425139,75.5375,77.1125,,
18.21100499999989,1525,,-3.817247189551171,32.48274318316313,41.43250017185058,54.65514413985409,3368,2264.4992689670225,1825.4430531103442,80.61133329237245,0.017794443451860244,0.014344338118501804,75.5375,77.1125,,
18.232844999999738,1525,,-3.576876176737745,31.859434486327547,41.93056817196255,50.62099049039891,3305,2122.5668926899393,1678.2801628764037,79.0684227034895,0.018983382626488104,0.015009861218532402,75.5375,77.1125,,
18.259870000000113,1525,,-3.3205422122639368,31.029626607764733,42.390139517582604,46.86720027329604,3229,1986.7071583835047,1522.3401910967132,76.62630019088338,0.020382846612891827,0.015618621233041792,75.5375,77.1125,,
18.28196999999974,1525,,-3.141752357460258,30.357784500614382,42.65568747529886,44.71458587783467,3163,1907.3314007923277,1410.7424270754634,73.96420079328766,0.02151901290978221,0.015916365917324805,75.5375,77.1125,,
18.303415000000037,1525,,-2.998456454697523,29.58796348586721,42.879638768028826,42.89956174155893,3127,1839.5177107847965,1331.369243142804,72.37599482392586,0.022223709641979148,0.01608463094016314,75.5375,77.1125,,
18.326525000000373,1525,,-2.8699273510401104,28.7746679387749,43.066520684504376,41.38262495363895,3089,1782.205673544979,1258.7033977953504,70.62615816342162,0.022860562694256986,0.0161455371654941,75.5375,77.1125,,
18.349245000000113,1525,,-2.7744366596317285,27.983084555743677,43.222220007995936,40.121777555493594,3070,1734.1522966154175,1209.2699997105212,69.7326297160105,0.02314047695092275,0.016136463106705717,75.5375,77.1125,,
18.37712000000011,1525,,-2.694368429085038,27.10091025024215,43.35098847533008,39.064715422139,3049,1693.494028057197,1166.4139135547914,68.87617518751571,0.023234385268646837,0.01600295590137554,75.5375,77.1125,,
18.40350499999989,1525,,-2.641866427933662,26.199570602183194,43.46908235518169,38.10041485288593,3031,1656.1900710066864,1136.9846776207082,68.65061550149325,0.023043028738970593,0.01581918105948929,75.5375,77.1125,,
18.427320000000297,1525,,-2.6087456665089683,25.47467895210629,43.55014852197449,37.434666633266886,3019,1630.2852917493758,1118.3167650517103,68.59638436973825,0.02277948408555635,0.015625902460771585,75.5375,77.1125,,
18.45058499999996,1525,,-2.592099012957674,24.83090240377493,43.60487840943606,36.96520407836003,3014,1611.863229216879,1109.151818640584,68.81178244753828,0.022387289085644354,0.015405092661515074,75.5375,77.1125,,
18.473754999999887,1525,,-2.58232329435103,24.27853838553779,43.65021670875147,36.56993973819823,3008,1596.2857945983349,1102.776803341283,69.08392012714548,0.02201582252363007,0.0152093932475587,75.5375,77.1125,,
18.496549999999814,1525,,-2.577890460969957,23.79768230847397,43.68745333991622,36.260481096891446,3003,1584.1280760033592,1099.0228805742493,69.37714804897624,0.021653491232174773,0.01502257466991798,75.5375,77.1125,,
18.519259999999775,1525,,-2.5801174941995444,23.34202490578746,43.705410239902676,36.11304268613537,3001,1578.3353456086634,1099.2657530382571,69.64716060479152,0.02123419640907807,0.014789014876167478,75.5375,77.1125,,
18.546080000000075,1525,,-2.5890954981177936,22.89734601204075,43.724434987827856,35.96366154430841,2997,1572.4907811183577,1101.7436915350556,70.06360258287135,0.020782824705933154,0.014561195707459807,75.5375,77.1125,,
18.56847000000067,1525,,-2.5972015126724632,22.571837316901078,43.75435116305061,35.72150604173567,2994,1562.9713194231365,1104.2216363774862,70.64887388880776,0.020441401049657328,0.01444161964867783,75.5375,77.1125,,
18.59162999999989,1525,,-2.608922888397937,22.318441792087583,43.76364273879754,35.648476909380705,2993,1560.1072076444107,1108.5474223246724,71.05584903991672,0.020133051002260993,0.014305710327296007,75.5375,77.1125,,
18.617299999999815,1525,,-2.622341927341967,22.043865250481314,43.777393860948855,35.531570185131926,2990,1555.4795424924678,1113.4203269971422,71.58051884199138,0.019798331965011712,0.01417174874261521,75.5375,77.1125,,
18.639224999999627,1525,,-2.6335021691158342,21.827317223339325,43.78843658586365,35.432107530708194,2989,1551.5165937119177,1117.7235234298557,72.04070700628242,0.019528368837008852,0.014068374976975705,75.5375,77.1125,,
18.660584999999962,1525,,-2.6443055396572053,21.65648682059051,43.793191864501324,35.389077326362546,2988,1549.8006532610684,1121.9840476383233,72.39537841705386,0.01930195608946089,0.013973724152858783,75.5375,77.1125,,
18.683269999999553,1525,,-2.655197228942476,21.503028155772164,43.80061750673983,35.334946118328325,2988,1547.6924595501603,1126.313158340273,72.77370587355824,0.019091518195045214,0.01389360529805906,75.5375,77.1125,,
18.70671500000078,1525,,-2.664930502679679,21.35942291050742,43.8106362655833,35.25094472100628,2987,1544.3663171901896,1130.336343269093,73.19094768433048,0.018896519640103703,0.013830541803947537,75.5375,77.1125,,
18.730594999999738,1525,,-2.6753734014519046,21.198026911934843,43.80094398704027,35.32704102049137,2987,1547.3577449664165,1134.7058281447364,73.33183498360063,0.018681517611127442,0.013699499667024268,75.5375,77.1125,,
18.752174999999813,1525,,-2.683208407211122,21.07696215279734,43.80454368377013,35.29462083383743,2987,1546.0647601179348,1137.9384885090506,73.60225249699424,0.018522057532663994,0.013632651552829892,75.5375,77.1125,,
18.773729999999517,1525,,-2.691008557107074,20.987361848902744,43.810407619498044,35.25033104301285,2987,1544.3313717166386,1141.1235892595748,73.89110978113017,0.018391839452307285,0.013589934280473587,75.5375,77.1125,,
18.796680000000634,1525,,-2.69831842089473,20.91420337922089,43.80905962087327,35.26227038521847,2986,1544.8069056733898,1143.9325910548278,74.05019920960162,0.018282723599941993,0.013538393246697894,75.5375,77.1125,,
18.82120999999996,1525,,-2.7056473903444824,20.825883850459867,43.81472441525623,35.21701284166269,2985,1543.0237123859904,1146.8031152395115,74.32180763224956,0.018159947050815563,0.01349680091322552,75.5375,77.1125,,
18.844724999999627,1525,,-2.7107609996414324,20.731865249869447,43.81936196101971,35.17996225955968,2985,1541.5635000266584,1148.9146923425646,74.52918367116868,0.018044738558959918,0.013448596343589433,75.5375,77.1125,,
18.870610000000337,1525,,-2.7151921676881337,20.646037917918722,43.81666644516423,35.20648410921494,2985,1542.630770920446,1150.8190648063942,74.6010702301583,0.01794029882655104,0.013383654927095609,75.5375,77.1125,,
18.891254999999887,1525,,-2.7183274915242213,20.598681957141032,43.82037985625328,35.177740499398844,2985,1541.5019511683624,1152.1142036311194,74.73971750459924,0.017879027870865708,0.013362734923253593,75.5375,77.1125,,
18.913525000000373,1525,,-2.721795871132889,20.55830780156138,43.80898075005729,35.28349527948757,2985,1545.733965493808,1153.6191051674086,74.63244846268663,0.017820706773556808,0.013300029798461288,75.5375,77.1125,,
18.93565500000026,1525,,-2.7256132134158273,20.518244296629735,43.7954591396383,35.39633356670887,2986,1550.1986804138057,1155.3451872978462,74.52884600504508,0.017759406039175512,0.013235880378347794,75.5375,77.1125,,
18.95896499999985,1525,,-2.7300865269341785,20.482433224340294,43.80251105864479,35.33043263114869,2986,1547.5616660325952,1157.3249641471216,74.78377046609694,0.01769808295756811,0.013235293735887155,75.5375,77.1125,,
18.984625,1525,,-2.735423065078574,20.482753086487424,43.816089493287215,35.20677405227891,2986,1542.623162644595,1159.8655410852327,75.1878727852639,0.017659592738070877,0.013277872122296433,75.5375,77.1125,,
19.007459999999963,1525,,-2.739971334251326,20.48852950482565,43.81674876250913,35.196477844634394,2987,1542.195227043564,1161.9794281441536,75.34580627458588,0.017632437381054796,0.01328530211061721,75.5375,77.1125,,
19.031205000000075,1525,,-2.74379984956397,20.480268847839813,43.809259812395766,35.24744228517673,2987,1544.1643567937322,1163.7060740183767,75.36154224118148,0.017599176720904865,0.013263010998624898,75.5375,77.1125,,
19.05845999999996,1525,,-2.7447449447387102,20.4384855935196,43.79671469690115,35.31842143646827,2988,1546.8308271979186,1164.3923435999293,75.27599806820659,0.017552919946493575,0.013213135679836355,75.5375,77.1125,,
19.079424999999812,1525,,-2.7453384680251625,20.412245554330276,43.80038369062021,35.25386807454427,2989,1544.1329482435453,1165.1902518502197,75.45919236913028,0.01751837995719362,0.013219228031853896,75.5375,77.1125,,
19.100520000000483,1525,,-2.7439007664239536,20.39947274210851,43.805994940685544,35.185423793288855,2990,1541.3324966746884,1164.7607518030575,75.56842889616246,0.01751387373804448,0.01323495922269781,75.5375,77.1125,,
19.12371999999974,1525,,-2.742858062230721,20.387110458425994,43.78103015669464,35.3590365177035,2990,1548.055044093244,1164.508933779967,75.22400047874687,0.017507045130388088,0.013169499712697565,75.5375,77.1125,,
19.145790000000037,1525,,-2.743131121572595,20.377095034503537,43.76434002668366,35.474987891654514,2991,1552.5394325328539,1165.0029036499964,75.03853874741074,0.017491025104453696,0.013125009650324827,75.5375,77.1125,,
19.171919999999925,1525,,-2.744725838462775,20.357588361468654,43.77099111346189,35.38724979745479,2993,1548.9349964142498,1166.2002357135786,75.29045688897897,0.017456340461989517,0.01314295848992761,75.5375,77.1125,,
19.195599999999626,1525,,-2.7455907948482925,20.352404495428992,43.77295017802652,35.32757536789512,2992,1546.39219648935,1166.4820045220135,75.4324813052073,0.01744767978976988,0.013161217795610598,75.5375,77.1125,,
19.21737999999989,1525,,-2.744847829805455,20.355583702891806,43.77928336103501,35.23663798026742,2992,1542.6347588283356,1166.042059161692,75.58769517467154,0.017456989259483607,0.013195335828133621,75.5375,77.1125,,
19.242675000000744,1525,,-2.7428487206604917,20.35958587185781,43.77970771918741,35.1744999591658,2990,1539.929327380848,1164.4880465060555,75.6195771975229,0.017483722510458533,0.01322111704079688,75.5375,77.1125,,
19.26481499999948,1525,,-2.741333324731809,20.36261965846834,43.77995965042474,35.10535201525726,2989,1536.9108947419197,1163.19631991425,75.68404413644133,0.017505746287066536,0.013249056746316878,75.5375,77.1125,,
19.28658999999985,1525,,-2.740082985868223,20.370825429657177,43.77406872162322,35.08980555769827,2987,1536.0235599110806,1162.0991802463093,75.65633826043545,0.017529334652262245,0.013262052719319246,75.5375,77.1125,,
19.312929999999703,1525,,-2.7395764156520968,20.393428136204104,43.76225881567518,35.10854193187785,2986,1536.4290986638232,1161.2990224916769,75.58428979909432,0.017560876002847288,0.013273263409251706,75.425,77.225,,
19.336049999999815,1525,,-2.7382162891763495,20.41575657314069,43.7538489163451,35.12259515299749,2985,1536.748721874207,1160.4291149459207,75.51196226346427,0.017593281924930093,0.013285032408058095,75.425,77.225,,
19.35959499999974,1525,,-2.7354718779586986,20.408446198315026,43.75673101666986,35.034287479901586,2985,1532.9858936187384,1159.1833562663903,75.61604846408882,0.017605882700083376,0.013312872795025675,75.425,77.225,,
19.38445999999996,1525,,-2.731819794781978,20.3812708332275,43.746454944762746,35.057731866313624,2985,1533.651487555262,1157.6448630830214,75.48291593472653,0.017605805962761692,0.013289375714502479,75.425,77.225,,
19.40765500000026,1525,,-2.7308109881569367,20.354974647986804,43.70363909390919,35.32803217197352,2986,1543.9635679419434,1157.6773488361084,74.98087214449349,0.01758259731733634,0.013183584814193102,75.425,77.225,,
19.43055999999959,1525,,-2.734973928344317,20.33958487685499,43.667191894144835,35.54647285086596,2988,1552.2146511387734,1160.4107013679054,74.75839121326273,0.017527919083199124,0.013103590319762133,75.425,77.225,,
19.456905000000262,1525,,-2.7381608348178132,20.307916034223773,43.67132039218933,35.490826340140465,2992,1549.9312480838264,1163.0320381364675,75.0376534168415,0.017461183671916087,0.01310246248621051,75.425,77.225,,
19.478509999999776,1525,,-2.7390682423401853,20.279094672986236,43.684201265310556,35.37796379957077,2992,1545.4580909773206,1163.4549751195477,75.28220803346399,0.017430063996161527,0.01312173703795623,75.425,77.225,,
19.499845000000672,1525,,-2.7370631130149015,20.24486194481297,43.69525107860945,35.287381208276884,2991,1541.8909818022635,1162.5005557755592,75.39447143122611,0.01741492668044934,0.013129891920860351,75.425,77.225,,
19.523875,1525,,-2.7349409014709196,20.21587192586427,43.703084479954526,35.20649823290938,2990,1538.6325665162085,1161.1160525153707,75.46415419663087,0.017410724692049382,0.01313885612835903,75.425,77.225,,
19.544799999999814,1525,,-2.731199323999666,20.19496872389119,43.691059147706525,35.261498306035264,2989,1540.6122081257402,1159.208892118799,75.24339259449694,0.017421336966264016,0.013108404968736258,75.425,77.225,,
19.569879999999888,1525,,-2.726509656911575,20.167899700459838,43.70781405993295,35.06841722012457,2989,1532.7638592333556,1157.0753233546448,75.48947063074547,0.017430066386679266,0.013157864845891683,75.425,77.225,,
19.592639999999665,1525,,-2.722967261790191,20.147452795649187,43.72048848503336,34.92983516762166,2989,1527.1494562301161,1155.411691908271,75.65806262083163,0.017437466607572383,0.01319284940544372,75.425,77.225,,
19.615165000000037,1525,,-2.7185323778242636,20.117985864436406,43.71869364915037,34.90498958703888,2988,1526.0005465825363,1153.478978052686,75.5883725360316,0.01744113785099038,0.013183472253329425,75.425,77.225,,
19.640604999999514,1525,,-2.7122758718752826,20.094971317186122,43.72534880260401,34.78520604345752,2988,1520.995267420629,1150.798433710542,75.66088194752354,0.017461764570180643,0.013211725077398867,75.425,77.225,,
19.667529999999328,1525,,-2.7065230297749987,20.07262789884719,43.73611182151856,34.60976503881843,2988,1513.6965538542465,1148.277937871861,75.85918954152739,0.01748063533820776,0.013260668294274244,75.425,77.225,,
19.69072500000056,1525,,-2.7016758271066967,20.04769361271858,43.745217311777495,34.51490388849027,2988,1509.8619710971209,1146.1184751650137,75.90882458826367,0.017491816114239143,0.013277832011459427,75.425,77.225,,
19.736764999999664,1525,,-2.693904505039075,20.00358633687511,43.739685566777915,34.557134652972785,2988,1511.5182038098346,1142.681314207793,75.59825024453062,0.017505831318107578,0.013234102167248378,75.425,77.225,,
19.759135000000708,1525,,-2.690953493240187,19.98698144464368,43.7463560437756,34.56273198571381,2988,1511.9935792926276,1141.524849554558,75.4979958372978,0.01750902002040773,0.013218959206159066,75.425,77.225,,
19.782269999999553,1525,,-2.6887323792945077,19.968427877350663,43.743119736086484,34.635222422089846,2988,1515.0526814954635,1140.6326281255024,75.28666442143899,0.017506449828781825,0.013180022134702553,75.425,77.225,,
19.808105000000445,1525,,-2.6903184933557407,19.933151721055975,43.71744744861568,34.88239138169181,2989,1524.9691121111562,1141.6924570439546,74.8665955249024,0.017459300530605643,0.013071183909725665,75.425,77.225,,
19.830804999999703,1525,,-2.6929457312126597,19.89680994991845,43.70380537345672,35.029000656766485,2992,1530.90062713001,1143.8866307795017,74.71984859813887,0.01739404012123104,0.01299680044368336,75.425,77.225,,
19.85291000000015,1525,,-2.695884437515826,19.872567782804776,43.72163053771925,34.93758333744611,2993,1527.528110560595,1145.7714236575491,75.00820546189863,0.017344268998581984,0.013009624926320764,75.425,77.225,,
19.876259999999778,1525,,-2.6976658193074443,19.85531710807481,43.7263757000099,34.93830751792379,2994,1527.7255608512162,1146.841780210413,75.06857315206646,0.017313039558457595,0.012996651765786947,75.425,77.225,,
19.897635000000708,1525,,-2.69828419604157,19.837783828104346,43.730088101859145,34.93887408420327,2994,1527.8800418819724,1147.0968291008996,75.07767610394063,0.017293905209077514,0.012983862138593733,75.425,77.225,,
19.918859999999405,1525,,-2.698171692464567,19.823950910014876,43.74095465033657,34.860214349790056,2993,1524.819054975179,1146.6258810145027,75.19750473167896,0.017288944230419073,0.013000854655726722,75.425,77.225,,
19.94087000000011,1525,,-2.698563138125619,19.81722618549527,43.74162605148482,34.87208163119821,2993,1525.3615543487251,1146.5673109739246,75.16692076741556,0.017283962307160138,0.012991822252893031,75.425,77.225,,
19.966389999999663,1525,,-2.699116494446842,19.828150306077898,43.74166677882073,34.89074395098905,2991,1526.179295569318,1146.2242755792502,75.10416888152507,0.01729866547806069,0.012992018934892775,75.425,77.225,,
19.98837999999989,1525,,-2.699526905703177,19.836252467164194,43.72088192386764,35.04397418825955,2990,1532.153457627961,1145.954206414285,74.79369646095508,0.01730981251792971,0.012946648632620749,75.425,77.225,,
20.012335000000895,1525,,-2.7025617093335197,19.84810134773428,43.69673564449978,35.22575335217847,2990,1539.2504321084948,1147.2005397914547,74.52981762168469,0.017301335432898586,0.01289465374425523,75.425,77.225,,
20.036375,1525,,-2.7060086109285924,19.85804632864106,43.7002265228513,35.20230973674811,2991,1538.3489096234666,1149.1109493052827,74.69768022824837,0.01728122627379595,0.012908675141520142,75.425,77.225,,
20.057979999999517,1525,,-2.707938591669019,19.875520141024573,43.71625150352651,35.06688665572938,2991,1532.992836487523,1150.0018894958396,75.01678169160834,0.017283032595483815,0.012965174831843606,75.425,77.225,,
20.080959999999962,1525,,-2.7093426524403585,19.89192362448261,43.723164774367916,35.00837908679472,2991,1530.6771272954613,1150.5468192109015,75.16587258632339,0.017289104008931522,0.012995505890670398,75.425,77.225,,0.23020500000007452,-3800,
20.101879999999888,1525,,-2.710362770753101,19.903629799854514,43.72914585070682,34.94610584943224,2989,1528.1633596040613,1150.3827213351676,75.27877920284814,0.017301746132586015,0.013024543269386747,75.425,77.225,,
20.122870000000113,1763,,-2.7095417454425905,19.90564717958271,43.73142942120022,34.926785850430385,2989,1527.3982703274708,1149.7661607320874,75.27612038512916,0.017312778771387954,0.01303238818996108,75.425,77.225,,
20.148229999999515,1763,,-2.709484864591336,19.90670573971985,43.73494889279495,34.893563806259976,2988,1526.0682297542596,1149.5006503039292,75.3243287483307,0.017317698545413172,0.0130444401839919,75.425,77.225,,
20.17222500000056,1763,,-2.709240912213707,19.917456844970637,43.728527659383175,34.93958973806092,2987,1527.8568162682973,1149.0949208197953,75.20959481179617,0.01733316933535916,0.013036206425166124,75.425,77.225,,
20.193180000000634,1763,,-2.7220425851767622,19.937600447114942,43.555627283078906,36.412168083594416,2999,1585.9548216178598,1159.03805766657,73.08140445540657,0.017201851410517322,0.012571354603138223,75.425,77.225,,
20.218134999999776,1763,,-2.7692486000881353,19.965169949909818,43.11556223746847,40.1716250699186,3007,1732.022200882324,1182.168615793469,68.25366413844179,0.01688859751746094,0.01152708662726101,75.425,77.225,,
20.24,1763,,-2.8047328663162254,19.98589365596266,42.41413768850251,46.2332362634499,3071,1960.9428486630313,1222.7759488298989,62.35653168900798,0.01634468986332909,0.010191981714096878,75.425,77.225,,
20.26333999999985,1763,,-2.931196673014749,20.113319828295758,41.795351740603685,51.58071957004517,3132,2155.834317463478,1303.3561654167136,60.4571582731934,0.015431944361781615,0.009329715027433457,75.425,77.225,,
20.289490000000225,1763,,-3.146680532043059,20.4245285436479,40.95867714287756,58.865477398657305,3210,2411.0520836329606,1434.2057880425618,59.48464563575533,0.014241002730524314,0.00847121000923063,75.425,77.225,,
20.31127500000037,1763,,-3.330900078586391,20.731791854032586,40.41052920975136,63.651028376621625,3327,2572.171741444181,1573.5734124503676,61.17684084216178,0.013174975943288883,0.008060034063818942,75.425,77.225,,
20.332865000000222,1763,,-3.5304293110923224,21.148103109596146,39.8529997224348,68.49376492178693,3399,2729.681994416489,1703.7252558702687,62.414788951797505,0.01241286001761688,0.00774746038287763,75.425,77.225,,
20.35526000000071,1763,,-3.745895680846812,21.650324791883236,39.382917390754244,72.55126669459949,3484,2857.2805428279917,1852.909400902254,64.84870397319607,0.011684502642892766,0.0075772485296298,75.425,77.225,,
20.377054999999704,1763,,-3.9303717485144363,22.1748329954046,39.03911569444056,75.49905894303438,3529,2947.4164968985065,1969.426159040292,66.81872620013732,0.01125954019327664,0.007523481333139931,75.425,77.225,,
20.403580000000076,1763,,-4.129856989758303,22.9733227500441,38.7266380832406,78.12605307613613,3597,3025.55938235157,2109.093307291431,69.70920219229576,0.010892511332060135,0.007593082748284528,75.425,77.225,,
20.426554999999702,1763,,-4.27653221719284,23.65869786874897,38.513905952695964,79.89589750058548,3656,3077.1030823437854,2219.9730043481973,72.14490203744737,0.010657200705778564,0.007688627009118094,75.425,77.225,,
20.449109999999404,1763,,-4.394623040312984,24.401995014159336,38.34110595646243,81.32363104100838,3686,3118.0379545075593,2299.6816989153494,73.7541278351291,0.010611031529132314,0.007826073758622099,75.425,77.225,,
20.473650000000372,1763,,-4.4953582381053065,25.24501299021828,38.208233161243726,82.39018576778895,3715,3147.983428013865,2370.961220349177,75.3168266150966,0.010647585786536141,0.008019423725539097,75.425,77.225,,
20.497145000000483,1763,,-4.570768514955484,25.979699402969263,38.11333751812641,83.1374460573753,3741,3168.6455419797726,2427.529781860313,76.61096041507976,0.010702113562973462,0.00819899198530648,75.425,77.225,,
20.519544999999926,1763,,-4.6276522119037855,26.745078519637655,38.04094322726559,83.69128535414828,3754,3183.695434774039,2466.635444750608,77.47711724584848,0.010842736642155789,0.008400639780901616,75.425,77.225,,
20.545680000000633,1763,,-4.670417805342938,27.555726651143377,37.97714714600534,84.16198548128384,3772,3196.2321067226817,2501.075641473865,78.25075144615798,0.011017550286845782,0.00862131589041516,75.425,77.225,,
20.56727500000037,1763,,-4.696708728502512,28.15632701634774,37.936300825366246,84.4504500442067,3787,3203.7376777145896,2525.0581477255746,78.8160081048472,0.011150763811799469,0.00878858690966024,75.425,77.225,,
20.588689999999477,1763,,-4.712270273593158,28.734685193432355,37.91091253789335,84.5962588565135,3794,3207.1213705422692,2538.3587693214668,79.14757429003299,0.011320182765619644,0.008959650064186317,75.425,77.225,,
20.611525000000373,1763,,-4.723858051133428,29.29195568184692,37.89251917036997,84.66894156375264,3802,3208.319491339432,2549.8831771939745,79.4772211457479,0.011487567722252014,0.00912999960288179,75.425,77.225,,
20.633254999999888,1763,,-4.730875899329352,29.757670681013767,37.88166370992444,84.68880860526424,3806,3208.152967578775,2556.7905138146057,79.69665223738508,0.011638681589371508,0.009275639591297973,75.425,77.225,,
20.65956000000052,1763,,-4.734142790861607,30.227811220019632,37.86688422907757,84.72735928580855,3813,3208.3611051111725,2563.2049849378986,79.89141187550587,0.011792974575832449,0.009421573890751994,75.425,77.225,,
20.68636499999929,1763,,-4.73184501585627,30.696502130677494,37.867604168472276,84.62416489246856,3820,3204.5143792355275,2566.398941656588,80.08698473273292,0.011960923780175492,0.009579143201722966,75.425,77.225,,
20.709570000000298,1763,,-4.726875090790628,31.050027985439588,37.834340046000314,84.80359778158154,3825,3208.488155592594,2567.15810917298,80.01145663256584,0.01209509763909418,0.009677463802170333,75.425,77.225,,
20.730594999999738,1763,,-4.7199047884588,31.3530334542514,37.80301284476265,85.00168065067683,3828,3213.319625463949,2565.2574014392285,79.83200242860524,0.012222178342282881,0.009757209711039733,75.425,77.225,,
20.75343499999959,1763,,-4.713049504535633,31.645331175089805,37.80915081841723,84.88514701422827,3832,3209.4353257044754,2564.064435731253,79.89145053634746,0.012341862682583006,0.009860093120319728,75.425,77.225,,
20.774304999999703,1763,,-4.705237938848511,31.890638837462824,37.81316060237925,84.78319401779943,3833,3205.9205317777296,2560.881435937875,79.87975405359873,0.012452993094459085,0.009947420256165553,75.425,77.225,,
20.796730000000448,1763,,-4.697943083716862,32.11972016780929,37.82258597956043,84.65869748997245,3834,3202.01086473208,2557.5114287405772,79.87204093870463,0.012558974246158636,0.010031109051373199,75.425,77.225,,
20.82053000000026,1763,,-4.688960777544444,32.35438795658406,37.83596824319148,84.50834315275665,3835,3197.454987812429,2552.8394574553536,79.83973088552857,0.012673882747344642,0.010118793878227396,75.425,77.225,,
20.844875,1763,,-4.6782058282338665,32.582545528426266,37.84791440529453,84.35229954219811,3835,3192.558612962879,2547.2414633710755,79.78683470456595,0.01279130620200639,0.010205778335949729,75.425,77.225,,
20.867365000000223,1763,,-4.667944908297261,32.74356818542185,37.85390816844841,84.27708372688936,3835,3190.216988102308,2541.4848430393126,79.66495233764986,0.012883637010506207,0.010263743283775589,75.425,77.225,,
20.889734999999405,1763,,-4.657938681831106,32.88893082603364,37.85420265368327,84.23456496296673,3835,3188.6322925529907,2535.9273063615005,79.5302522741216,0.012969193061461232,0.010314431959697992,75.425,77.225,,
20.91562000000011,1763,,-4.647928346041146,33.05890349003875,37.86621793258914,84.1035227834129,3834,3184.6823226151887,2530.397849356264,79.45526721416782,0.013064705812348433,0.01038059691394636,75.425,77.225,,
20.937485000000336,1763,,-4.640418618409505,33.18698706422469,37.88076456586324,83.94564992729688,3834,3179.9254012243077,2525.7492408453077,79.42794003509847,0.013139462353403616,0.010436404278995762,75.3125,77.3375,,
20.95980500000063,1763,,-4.633225412615282,33.291824583146436,37.894399339611084,83.78503301437719,3833,3174.983499729308,2521.59994872921,79.42088357133812,0.013202659129147047,0.010485668535280521,75.3125,77.3375,,
20.987025000000372,1763,,-4.622858112753519,33.372138774616964,37.90465582061081,83.65371496531776,3832,3170.8652738758497,2515.482312338852,79.33110034864703,0.013266695858253968,0.010524615804261256,75.3125,77.3375,,
21.01365000000037,1763,,-4.610714145929363,33.44989057455391,37.90953995029997,83.58176090802107,3832,3168.546104259045,2508.288842330985,79.16213808470182,0.013335741087724371,0.010556857774482682,75.3125,77.3375,,
21.036799999999815,1763,,-4.601608836307242,33.50620058706602,37.90938478852338,83.541354162282,3831,3167.001340692258,2502.7103294953545,79.02460593680394,0.013387965915265232,0.010579787307491975,75.3125,77.3375,,
21.058560000000522,1763,,-4.594310481169853,33.544654768771494,37.91726015135585,83.44230860787177,3830,3163.903723114393,2498.502958899553,78.96899455714626,0.013425901558085804,0.010602299470652592,75.3125,77.3375,,
21.083270000000486,1763,,-4.587943321445999,33.56463078769776,37.9167374142716,83.41333585378591,3830,3162.761552416447,2494.899851123546,78.88358985575013,0.013453297843832233,0.010612444293201094,75.3125,77.3375,,
21.106644999999553,1763,,-4.582177636057974,33.5802309841419,37.921058374769984,83.36291404871147,3830,3161.2099299321208,2491.650201426613,78.81951077763809,0.013477104837956503,0.010622588100266709,75.3125,77.3375,,
21.127424999999814,1763,,-4.577268413586836,33.594472606684946,37.92402599150892,83.32379598057729,3830,3159.9738044785995,2489.1199219896616,78.77027076812652,0.0134965263464813,0.010631250347414852,75.3125,77.3375,,
21.153455000000076,1763,,-4.5709256096745285,33.59989182606516,37.92357664629671,83.29722373401626,3830,3158.9286487006907,2485.6846774307264,78.68758537655232,0.01351735887143777,0.010636483302617563,75.3125,77.3375,,
21.174484999999404,1763,,-4.566105686645708,33.60401166957047,37.9215079079422,83.29942352214039,3830,3158.839747821873,2482.8020870463174,78.59854520186703,0.01353471218865766,0.010638086877544698,75.3125,77.3375,,
21.195850000000558,1763,,-4.562733267946546,33.61818207757995,37.92107798308027,83.29137895623235,3829,3158.498876717578,2480.748541671541,78.54201120532363,0.013551628273830548,0.010643721397335793,75.3125,77.3375,,
21.218745000000112,1763,,-4.559764847089523,33.647530787706806,37.91488346169833,83.31080858184811,3828,3158.719598480628,2478.4410827285596,78.46347247538881,0.013576086606288678,0.010652268977560263,75.3125,77.3375,,
21.240799999999815,1763,,-4.557946481053207,33.68184796753562,37.91687208785577,83.27520893822788,3827,3157.53544540025,2476.92068958115,78.44474693671015,0.013598274708275484,0.010667132182665365,75.3125,77.3375,,
21.266069999999367,1763,,-4.556072925136539,33.7169782060272,37.916909719415266,83.22273848027415,3826,3155.5490615590616,2474.648121853628,78.42210891282986,0.01362495859846595,0.010684979871416943,75.3125,77.3375,,
21.291764999999664,1763,,-4.55490290589859,33.75032520556236,37.90737739205969,83.27300254744279,3824,3156.661134135862,2473.1811095656417,78.34800773579634,0.01364652393430655,0.010691779627717795,75.3125,77.3375,,
21.315020000000484,1763,,-4.555232450334194,33.78016833600501,37.90524592753783,83.25443578518743,3823,3155.779862995935,2472.6092432895357,78.35176566917337,0.013661749598195388,0.010704222031487284,75.3125,77.3375,,
21.336465000000782,1763,,-4.557423497176091,33.811255144336016,37.90448626474574,83.23346655386946,3822,3154.921789758319,2473.349043363916,78.39652480112306,0.013670231961417992,0.010716986790004107,75.3125,77.3375,,
21.36258999999985,1763,,-4.56002205771632,33.83587321856476,37.89920425183272,83.22363044551958,3821,3154.1093688337905,2473.919260392158,78.43479635922935,0.013677032132892324,0.010727552301420458,75.3125,77.3375,,
21.385980000000448,1763,,-4.5613344788718955,33.849105409720075,37.89505279232351,83.23054791152252,3820,3154.0260070411573,2474.101116850156,78.44263526448059,0.013681375097883742,0.010732031167198418,75.3125,77.3375,,
21.40790000000037,1763,,-4.5622755431393385,33.857860130760706,37.88779839252659,83.27167799437285,3820,3154.9805476581914,2474.542687099902,78.43289838780942,0.013682471636988089,0.01073155907597971,75.3125,77.3375,,
21.432790000000036,1763,,-4.5631662294625235,33.86263914448094,37.88290868281604,83.28601002893902,3820,3155.1163124823975,2475.2264807017946,78.45119594828262,0.013680622524238652,0.010732611983435352,75.3125,77.3375,,
21.454689999999477,1763,,-4.563837486438212,33.86624234405429,37.89060208485353,83.19253578792369,3821,3152.2152699701537,2475.8075419288084,78.5418294719526,0.013678867105183136,0.010743632475447958,75.3125,77.3375,,
21.476674999999815,1763,,-4.565661649355646,33.856095699011256,37.88451813513688,83.23132698568661,3821,3153.1787166007516,2476.9087914210386,78.55275625135647,0.013668688898143691,0.010737131872915036,75.3125,77.3375,,
21.49893499999959,1763,,-4.567169429722984,33.83911031548745,37.885574772274445,83.20005440859231,3822,3152.081882354026,2478.1288737814384,78.61879755264262,0.013655105137390017,0.010735479463565158,75.3125,77.3375,,
21.520580000000074,1763,,-4.568663480397631,33.817069902342496,37.88292713802173,83.21734984135365,3822,3152.5168006592644,2479.2453638474453,78.64336720835168,0.0136400658020645,0.010727007036178383,75.3125,77.3375,,
21.54287000000011,1763,,-4.569363818040297,33.79441495990875,37.88428695373099,83.1878051850657,3824,3151.5106826820997,2480.574959141794,78.71066319948804,0.013623621747597025,0.010723243029323301,75.3125,77.3375,,
21.56399499999918,1763,,-4.56875496924985,33.7667357856033,37.89114955102689,83.11241690273741,3824,3149.2250184089185,2480.471854302256,78.76451634299106,0.013613029201293522,0.010722236610028982,75.3125,77.3375,,
21.586665000000036,1763,,-4.567707452261912,33.7331632594121,37.89669185906883,83.068625312394,3825,3148.026096620241,2480.578109596316,78.79788900922694,0.013598911934646463,0.010715655532725233,75.3125,77.3375,,
21.608910000000147,1763,,-4.565957462393101,33.69916129114774,37.899368891518826,83.0331691459477,3826,3146.904707694151,2480.242271914793,78.81529637203901,0.013587044166105337,0.010708669127715759,75.3125,77.3375,,
21.6353049999997,1763,,-4.564979071967902,33.66026537695488,37.90369182635847,83.00354251395477,3827,3146.140695944985,2480.3896304088025,78.8391197382158,0.01357055559509302,0.010698906574756528,75.3125,77.3375,,
21.657135000000707,1763,,-4.5639936250623645,33.62884434579556,37.913484713075,82.92577981935537,3828,3144.005285500953,2480.5703875799195,78.8984165840763,0.013556899862295116,0.010696179329239667,75.3125,77.3375,,
21.680084999999963,1763,,-4.5635239363142075,33.59093424610216,37.9220281017413,82.85795496650526,3829,3142.141696692627,2480.7577410482804,78.95117345151844,0.013540594347559233,0.010690458129707993,75.3125,77.3375,,
21.706355000000446,1763,,-4.562282920676335,33.55173732612468,37.9223004098736,82.86962253257275,3829,3142.606720533054,2480.3989810777603,78.92807473717332,0.013526750164824729,0.010676403479603577,75.3125,77.3375,,
21.7291950000003,1763,,-4.561171685340774,33.52422963660353,37.919134381391785,82.88856041979682,3829,3143.0624612383876,2479.6471715113094,78.89271059965864,0.013519757980798129,0.010666103537565322,75.3125,77.3375,,
21.751274999999442,1763,,-4.559908401163161,33.51444428069185,37.91964069516453,82.8656742724894,3828,3142.2365943753375,2478.42345139921,78.87450155203572,0.013522485135367425,0.010665792747969178,75.3125,77.3375,,
21.776270000000483,1763,,-4.558616057356079,33.5082246136983,37.91944705380181,82.86412728221588,3827,3142.161887137479,2477.2408397751515,78.83873997440428,0.013526429919805336,0.01066406691229535,75.3125,77.3375,,
21.79983999999985,1763,,-4.55847059705224,33.507488523249705,37.90947546039564,82.94893855750486,3826,3144.5507507115963,2476.5270953356417,78.7561496590639,0.013530031060979957,0.010655731511303205,75.3125,77.3375,,
21.826275000000372,1763,,-4.559247749499059,33.51663686132806,37.90850690637613,82.9390816378892,3825,3144.096749078417,2476.1135150945825,78.75436771531822,0.013535985590728378,0.010660179866014715,75.3125,77.3375,,
21.84796999999974,1763,,-4.55933676145138,33.533553968455976,37.90564012445236,82.9498853216857,3824,3144.2685013684113,2475.549874832587,78.73213988421178,0.01354590117911631,0.010664977864918946,75.3125,77.3375,,
21.873080000000076,1763,,-4.559312809154577,33.54789208226649,37.8941756055756,83.02799897016774,3824,3146.2775731550864,2475.4030497001013,78.67719843986198,0.013552496869683857,0.01066272485571725,75.3125,77.3375,,
21.895129999999888,1763,,-4.559294712267543,33.558720463815845,37.88805534275694,83.06487185807129,3824,3147.1664619976186,2475.428984043222,78.65580082700738,0.013556729229615377,0.010663153941502964,75.3125,77.3375,,
21.918375,1763,,-4.5610889409306505,33.55443059378714,37.880175799968185,83.11128535770521,3824,3148.270100311195,2476.419278795266,78.65968293350946,0.013549575744746575,0.010658053319653357,75.3125,77.3375,,
21.94402999999933,1763,,-4.562401744917396,33.55403931200077,37.87996397290164,83.10269456703134,3824,3147.927076250196,2477.142218114597,78.69121990797079,0.01354546342419509,0.010659090410687109,75.3125,77.3375,,
21.967265000000594,1763,,-4.56259938053731,33.553955944226914,37.883913732854715,83.06560952348067,3824,3146.850385354537,2477.2530950361015,78.72166743500911,0.01354482350287988,0.01066271091259605,75.3125,77.3375,,
21.989945000000297,1763,,-4.561320778341288,33.543681966295594,37.88722720554132,83.04268398851468,3824,3146.257036030824,2476.4290895067793,78.71032344613937,0.01354518169263484,0.010661456321640136,75.3125,77.3375,,
22.016025000000372,1763,,-4.56009086717778,33.51725669532156,37.882175026877896,83.09044862080866,3823,3147.6469177152785,2475.4455051054983,78.64431970350417,0.013539888729601875,0.010648353380006829,75.3125,77.3375,,
22.038235000000334,1763,,-4.559769310745066,33.49599462968616,37.8755629008762,83.14063404870757,3824,3148.9983145305528,2475.533946110515,78.61337793315279,0.01353081612244262,0.010637031615775788,75.3125,77.3375,,
22.059200000000185,1763,,-4.560317844201091,33.481981828806745,37.87324270881345,83.16282287543876,3824,3149.6457751115554,2475.9302388579995,78.60979982011806,0.013522990794865854,0.01063039599353704,75.3125,77.3375,,
22.08219000000041,1763,,-4.561418843467691,33.46969037179496,37.88304945771368,83.0852482560085,3824,3147.5225688887895,2476.7160461556123,78.68779308006675,0.01351373744428515,0.0106336617575426,75.3125,77.3375,,
22.10324500000011,1763,,-4.562261923080107,33.44806423924129,37.88149105571776,83.11141057658918,3825,3148.3841563851493,2477.4071101550485,78.68820916058445,0.013501238493316484,0.010623882784890215,75.3125,77.3375,,
22.13041000000015,1763,,-4.561934167250529,33.416597291931524,37.886427158746514,83.07572779360389,3826,3147.442509712227,2477.8812839242455,78.72681633669617,0.01348595572706749,0.010617063596496583,75.3125,77.3375,,
22.152264999999666,1763,,-4.5609437371352985,33.39197805722292,37.88635782844736,83.0722452810246,3827,3147.304810329446,2478.064542539566,78.73608347073868,0.01347502354519072,0.010609705786243056,75.3125,77.3375,,
22.174145000000486,1763,,-4.5596625438435385,33.369906183753656,37.89214578599563,83.03431109824993,3827,3146.3482213746015,2477.768045925492,78.75059820438392,0.013467728037992911,0.010605916394458953,75.3125,77.3375,,
22.199354999999517,1763,,-4.558541743250816,33.345509434363734,37.88998862141977,83.06013597186319,3827,3147.147606867475,2477.044317102523,78.7075989603188,0.013461813825506777,0.010595470438564627,75.3125,77.3375,,
22.22237000000011,1763,,-4.5578044129609605,33.32609326081504,37.894813941270215,83.01836377500608,3828,3145.9654489625427,2477.230774860071,78.7431017615593,0.013452962719106178,0.010593280123850414,75.3125,77.3375,,0.27957500000018626,3160,
22.24412999999989,1763,,-4.557503726492765,33.30803528462907,37.905630191997545,82.91488235243202,3828,3142.9408678642717,2477.2262576208327,78.81873575636779,0.013445697655658888,0.010597728905813918,75.3125,77.3375,,
22.269494999999182,1525,,-4.556585415328054,33.2916501022295,37.9046910832984,82.9320758447834,3829,3143.5147157931883,2477.3224787398913,78.80740835389409,0.013438561345135635,0.010590581916149602,75.3125,77.3375,,
22.29759499999974,1525,,-4.5555201498123585,33.27855664479303,37.9108644591645,82.8843557539389,3829,3142.217576772749,2476.464114677839,78.81262370193092,0.013437932109556211,0.010590786866825484,75.3125,77.3375,,
22.31922000000067,1525,,-4.554904107579053,33.27248144735437,37.90613036586008,82.93898360400195,3828,3143.8959249052295,2475.7897965460165,78.74910161412699,0.01343913828781948,0.010583200666338008,75.3125,77.3375,,
22.341299999999812,1525,,-4.555687471681465,33.279502541310904,37.90917181220743,82.90286739865167,3828,3142.779043940136,2475.7182626699546,78.77481133914269,0.013442362583463114,0.010589195764646574,75.3125,77.3375,,
22.36434499999974,1525,,-4.514195416547965,33.287972698561134,39.20426421272698,72.20941890201429,3791,2830.91713728205,2430.0629024515447,85.84012829088444,0.013698399603145619,0.011758723793138203,75.3125,77.3375,,
22.38714999999944,1525,,-4.33719079256453,33.23249998554565,40.25337853048102,63.609228590989794,3723,2560.486356505008,2292.6143630913016,89.5382378143446,0.014495460082844379,0.012978979521260592,75.3125,77.3375,,
22.41270999999996,1525,,-4.097635352833364,33.02059875929862,41.129234280112364,56.47885196531821,3559,2322.9319343533575,2070.4880984189263,89.13253409619577,0.01594821954519513,0.01421505222385721,75.3125,77.3375,,
22.439580000000074,1525,,-3.8344978761984736,32.62113491874268,41.831159893296444,50.74998572303433,3441,2122.930767362761,1873.340799319846,88.24314142128283,0.017413347817218545,0.01536608514052803,75.3125,77.3375,,
22.462359999999403,1525,,-3.6516997543691136,32.343632676469205,42.25578098146554,47.3022754583194,3318,1998.7945916916972,1720.3918954581732,86.07147040567608,0.018800154059000308,0.016181569037113958,75.3125,77.3375,,
22.484459999999963,1525,,-3.440090719011412,31.79734742252964,42.62325476734736,44.314811289140664,3272,1888.8414915439635,1597.922654100014,84.59802801101385,0.019899178061555563,0.0168343122304763,75.3125,77.3375,,
22.510915000000036,1525,,-3.2181554397217362,30.99124135102544,42.92619323973927,41.857507087712285,3200,1796.7834377808938,1462.2976159128634,81.38418827584837,0.021193525185144096,0.017248178438967015,75.3125,77.3375,,
22.533674999999814,1525,,-3.0501330572350405,30.261260989784507,43.16968580539582,39.86775136120073,3145,1721.0783000306772,1361.8621895199453,79.12842718984203,0.02222050162098381,0.017582733446377844,75.3125,77.3375,,
22.557165000000037,1525,,-2.910758381168076,29.400678934406724,43.383965125407016,38.11637381654522,3117,1653.639432363975,1288.2116089632564,77.90160199080897,0.02282286445009464,0.017779377026814557,75.3125,77.3375,,
22.58121499999985,1525,,-2.800016156860074,28.521567605725515,43.50787809625759,37.124481656436465,3085,1615.2074222949889,1226.5539394406287,75.93785928112337,0.02325341486305348,0.01765814545676138,75.2,77.225,,
22.603205000000074,1525,,-2.7194365618333074,27.784716452799262,43.580220966036926,36.552259064946384,3057,1592.9555268581896,1180.4465589863148,74.10417548282264,0.023537462362259617,0.0174422424131322,75.2,77.225,,
22.625229999999515,1525,,-2.6649005504102194,27.078474116045264,43.636650071885725,36.10600790301443,3043,1575.5452323565812,1151.3727554526772,73.07773409529736,0.023518425277831944,0.017186732287935227,75.2,77.225,,
22.647149999999442,1525,,-2.619457451680855,26.33698060611174,43.68154855644997,35.763345995761625,3030,1562.1983346549819,1126.8781992925087,72.1341313900059,0.023371630245972427,0.016858922469616112,75.2,77.225,,
22.670299999999813,1525,,-2.591962049087317,25.612300947432526,43.722454390014676,35.45407082447801,3022,1550.1389945635897,1112.1850179637113,71.74743825322739,0.023028813132482076,0.016522583482678696,75.2,77.225,,
22.69587999999989,1525,,-2.571926443707001,24.910932309649237,43.74624448128708,35.26562737469261,3013,1542.7387569192733,1100.4154553148755,71.32869712253277,0.022637752122920848,0.016147213647107944,75.2,77.225,,
22.718979999999515,1525,,-2.561255493737129,24.35989358659255,43.75478053193073,35.20022700959856,3006,1540.1782074791251,1093.285718441582,70.98436486976458,0.022281360833393323,0.015816282471924736,75.2,77.225,,
22.740520000000483,1525,,-2.559263351713272,23.851609502460313,43.7618276611142,35.14621015090936,3004,1538.0623915653978,1091.5215515544785,70.96731299980345,0.021851707342372035,0.015507569545462195,75.2,77.225,,
22.767474999999628,1525,,-2.5653950287782177,23.266962567468436,43.772974886664414,35.05527011258874,3000,1534.4734582835845,1092.8063781434378,71.21702706841329,0.021291020104582975,0.01516283155102217,75.2,77.225,,
22.789509999999776,1525,,-2.5694947055019495,22.876064057060884,43.78147461374353,34.97830158343509,2998,1531.4016228070286,1093.697202881049,71.41805171110659,0.02091626822926866,0.014937991260012846,75.2,77.225,,
22.811375,1525,,-2.578730625178427,22.517159285267873,43.794054676749056,34.878373229179545,2997,1527.4653842347495,1097.186258366884,71.8305154205879,0.020522640630574178,0.014741518542856425,75.2,77.225,,
22.838705000000076,1525,,-2.5911260442927775,22.13182776198284,43.80551171284198,34.80080620555931,2995,1524.4671238539722,1101.8948811446578,72.28065885468105,0.020085244192251904,0.014517746834731239,75.2,77.225,,
22.86043499999959,1525,,-2.600592065653563,21.85232626662367,43.80927343784826,34.787233830535364,2995,1524.0034390282894,1105.7450662385202,72.5552868137586,0.019762535627637978,0.014338764406303963,75.2,77.225,,
22.881334999999964,1525,,-2.6096073716199992,21.58668356309982,43.81355844263002,34.75632517957629,2995,1522.798284506419,1109.595074306817,72.86553219794752,0.019454559652389763,0.014175668427480968,75.2,77.225,,
22.905080000000076,1525,,-2.6193062668365794,21.323427466031234,43.81918971907451,34.71569621648959,2995,1521.2136787401143,1113.8043140215937,73.21813691184124,0.019144680261687183,0.014017378205336365,75.2,77.225,,
22.93084499999974,1525,,-2.6294623044028382,21.084796027849315,43.829402297330226,34.64904717243945,2995,1518.647027740021,1118.112211881354,73.62554902209737,0.018857495521287345,0.013883934609365229,75.2,77.225,,
22.95481000000052,1525,,-2.6380654196514732,20.89001131716432,43.83120942200381,34.63036317334067,2995,1517.8907006107434,1121.6719322978695,73.89675237133675,0.018623993982241148,0.013762526714709398,75.2,77.225,,
22.979870000000112,1525,,-2.6454516632032825,20.68022671043876,43.838122491671704,34.57678722763708,2994,1515.7814338536239,1124.5830632581626,74.19163727313219,0.01838923898651259,0.01364327748616283,75.2,77.225,,
23.002445000000296,1525,,-2.651501504154053,20.531205911540415,43.837110275270085,34.57663169223809,2993,1515.7396164400395,1126.6910914042223,74.33276000599886,0.018222568784094915,0.013545338321209341,75.2,77.225,,
23.023474999999628,1525,,-2.656894932737064,20.42861045423959,43.83306973192964,34.606383339586706,2992,1516.9040140939921,1128.8009406615054,74.4147902684343,0.018097619977414194,0.013467305949771037,75.2,77.225,,
23.046604999999516,1525,,-2.6631009235906564,20.327929222339815,43.838712643961436,34.56389024575398,2992,1515.2364523410304,1131.2348112556028,74.65731236255915,0.017969681466730177,0.01341568122317365,75.2,77.225,,
23.06962999999989,1525,,-2.6683893629481408,20.232053564893395,43.8389841967572,34.56404717851277,2991,1515.2527180347918,1133.1997311196383,74.7861869925792,0.017853916665602685,0.013352263503036888,75.2,77.225,,
23.09441000000015,1525,,-2.6738627283734484,20.142941127176368,43.82573237104672,34.67622255028594,2990,1519.7108491276867,1135.07878073814,74.69044400055937,0.017745852947825737,0.013254456358417396,75.2,77.225,,
23.11775499999989,1525,,-2.678064858047231,20.074525812331444,43.80526463854605,34.835590412731996,2989,1525.9822568697227,1136.4778307675726,74.47516677545464,0.017663807659823148,0.01315515021354882,75.2,77.225,,
23.139710000000893,1525,,-2.6833197462057434,20.04158435842817,43.79961960829836,34.86493734190434,2988,1527.0709932425668,1138.353887191238,74.54492241870622,0.017605759143914865,0.013124199495055616,75.2,77.225,,
23.160595000000672,1525,,-2.688766791254659,20.02514861017934,43.75396228505208,35.21818876897745,2988,1540.9353031456842,1140.5769014704874,74.01848079812953,0.01755703502706564,0.012995450600229455,75.2,77.225,,
23.18184499999974,1525,,-2.6995449579144357,19.998720807230516,43.724559026359366,35.45072373151429,2988,1550.067262325755,1145.2379169267663,73.88311105986627,0.017462503215835597,0.012901840644788533,75.2,77.225,,
23.204945000000297,1525,,-2.7114705774877255,19.967299169611604,43.738049196456856,35.342402463933425,2992,1545.8077376884983,1151.793023517183,74.51075547334887,0.017335839653411237,0.012917065093405096,75.2,77.225,,
23.227635000000706,1525,,-2.720464535222526,19.96232912259931,43.7467469378681,35.280665240887274,2993,1543.4143340927349,1156.040732683922,74.90151588902259,0.017267842350376157,0.01293387568175837,75.2,77.225,,
23.253815000000408,1525,,-2.728661459378594,19.9688325635858,43.74768781198757,35.2681082079411,2993,1542.8981876004034,1159.4379658762844,75.14675791275012,0.017222855513872776,0.01294241753867271,75.2,77.225,,
23.278115000000223,1525,,-2.733818997087617,19.968738464138752,43.74381594327235,35.30275764672937,2991,1544.2773327884802,1161.0715622618536,75.18543059654465,0.017198542375147115,0.012930798141083555,75.2,77.225,,
23.300175000000745,1525,,-2.735610268626498,19.939527311739926,43.75098719116547,35.243432945573524,2991,1541.9349833744864,1161.5975875452264,75.33375920968464,0.017165606683014558,0.01293149680546372,75.2,77.225,,
23.325834999999962,1525,,-2.735506732074433,19.928879265467618,43.755631292392636,35.201068987762014,2989,1540.2449957265915,1160.8580107524629,75.3684000904572,0.017167370238975056,0.0129387722867208,75.2,77.225,,
23.348799999999812,1525,,-2.7352950806373055,19.935909941255925,43.766419948425344,35.109626977868125,2987,1536.62267854594,1160.1515974052134,75.50009599643745,0.017183883542327087,0.012973848570372967,75.2,77.225,,
23.369995000000113,1525,,-2.735875676634072,19.95935186818763,43.773009125361924,35.045122612365105,2986,1534.0304719104852,1159.8925961985428,75.61079244755874,0.01720793109086379,0.013011053061631951,75.2,77.225,,
23.393979999999516,1525,,-2.735091965257767,19.974534360947768,43.77296887323756,35.03606108752121,2984,1533.6324114249157,1158.9540308594728,75.56921868798241,0.017234966900399648,0.013024329827764396,75.2,77.225,,
23.420009999999778,1525,,-2.737612800579758,19.987381752910647,43.763674902554996,35.09363489920117,2983,1535.8264288775983,1159.3831080451844,75.48920152992005,0.017239669626212702,0.013014088947224122,75.2,76.8875,,
23.448360000000335,1525,,-2.740973521019754,20.01792404854473,43.75673262841801,35.13134914485294,2982,1537.2330514069317,1160.3247567589751,75.48138232501596,0.017252001159105572,0.01302204895362066,75.2,76.8875,,
23.47352500000037,1525,,-2.7442035551442485,20.052470250166905,43.75240398132804,35.11044134588633,2981,1536.1662137279416,1161.4433263761348,75.6066183461726,0.017265130200311545,0.013053581097519336,75.2,76.8875,,
23.495799999999814,1525,,-2.7475488676998823,20.06415883627819,43.74849083237013,35.10681319291628,2981,1535.8700951240285,1162.8842371671624,75.71501267320751,0.017253788636051485,0.013063708252394819,75.2,76.8875,,
23.5221799999997,1525,,-2.7495448723025504,20.060408113110938,43.73756295700444,35.141607955480566,2982,1537.0082903631994,1163.9281787248124,75.72686406589081,0.017235091030349408,0.013051593956185239,75.2,76.8875,,
23.54499500000011,1525,,-2.750927000103074,20.06513645050685,43.72675863306528,35.1950778124446,2982,1538.9666725767163,1164.8352924617982,75.68944235234775,0.017225728461661375,0.013038057813761147,75.2,76.8875,,
23.568070000000297,1525,,-2.750370421066152,20.090714086249147,43.72064302032617,35.19588055109648,2983,1538.78652936053,1164.8313643045203,75.69804791497535,0.017247744782563097,0.013056206109757275,75.2,76.8875,,
23.592835000000893,1525,,-2.7498483331131522,20.10499763965469,43.706797651338064,35.22762608595492,2983,1539.6867250758298,1164.7344459524995,75.64749549263901,0.017261443335449028,0.01305784956914824,75.2,76.8875,,
23.615259999999775,1525,,-2.7494555958096343,20.115740023224244,43.703352546061716,35.15410762501336,2983,1536.3523589781553,1164.3006862977502,75.78344118091108,0.01727710054624153,0.013093181330227816,75.2,76.8875,,
23.636844999999738,1525,,-2.7484476207315747,20.12456764763469,43.6853022603255,35.18973359137233,2982,1537.2741483994298,1163.634721131361,75.69467829423317,0.017294574733957995,0.013091072707225234,75.2,76.8875,,
23.664195000000298,1525,,-2.7458435053910017,20.1640119899461,43.692821827900865,35.031111379657425,2981,1530.6081079447224,1162.06102508792,75.92152550716055,0.017351938972757924,0.013173856773189338,75.2,76.8875,,
23.686015000000594,1525,,-2.7448346118878346,20.197472059569712,43.68012541262566,35.06745667855043,2978,1531.7509056208999,1160.7336307149253,75.77822389107179,0.017400608998577545,0.013185872445352078,75.2,76.8875,,
23.70678500000015,1525,,-2.7410451721356144,20.213610334565058,43.69080681465701,34.935715026875734,2976,1526.3695761711376,1158.3189885191562,75.88719053381372,0.01745081496109029,0.013242933199225856,75.2,76.8875,,
23.73022000000067,1525,,-2.7380235209487394,20.21831279363461,43.66415570652459,35.10380985864793,2974,1532.778219560236,1156.0694163991727,75.42313699700512,0.01748883977625574,0.01319063158363209,75.2,76.8875,,
23.755025000000373,1525,,-2.736207515969676,20.238374478595414,43.64871215550183,35.180689035199535,2972,1535.591769129644,1154.5488492122383,75.18592326570123,0.017529249188896843,0.013179527844217538,75.2,76.8875,,
23.777890000000596,1525,,-2.7370326000094893,20.27032213262234,43.636951764324984,35.23922067235718,2971,1537.732172692054,1154.5772176011003,75.08311512919849,0.017556488923918485,0.013181958791390698,75.2,76.8875,,
23.803490000000224,1525,,-2.740386881263279,20.307226283862285,43.63631659589159,35.20989073657266,2970,1536.4299394878353,1155.6492334966392,75.21652655908747,0.01757213667889422,0.013217150852079623,75.2,76.8875,,
23.826259999999778,1525,,-2.74440121371009,20.329467596650584,43.61380615490737,35.3612607880029,2969,1542.2391734010857,1156.833236174051,75.0099761519413,0.017573377874139776,0.013181786552482776,75.2,76.8875,,
23.8496950000003,1525,,-2.747610856680254,20.351712146686857,43.59252772235844,35.504088747465005,2968,1547.7129729809426,1157.8012725308286,74.80723446420868,0.017577897545578102,0.013149539030798995,75.2,76.8875,,
23.87521999999974,1525,,-2.751628612239149,20.412668103901343,43.594377367680586,35.459579587061405,2967,1545.8382938176583,1159.0148950183288,74.97646420415577,0.01761208435856947,0.013204918124708554,75.2,76.8875,,
23.89675,1525,,-2.754608835593281,20.468946406348397,43.5771195628909,35.57395035869945,2965,1550.2102881053916,1159.7790237220283,74.81430310590098,0.017649005532673196,0.013203980494391358,75.2,76.8875,,
23.91843499999959,1525,,-2.7588286375869417,20.512405415831786,43.55730349457269,35.69086613075648,2965,1554.5978880415255,1161.2113218976342,74.69528492416275,0.017664661917273353,0.013194669549997403,75.2,76.8875,,
23.94246999999974,1525,,-2.763387862221352,20.545736442686525,43.556304843775244,35.67638014105402,2964,1553.9312891461582,1162.7329786178427,74.825250430264,0.01767021046148492,0.013221779229360799,75.2,76.8875,,
23.964020000000485,1525,,-2.7678256762869293,20.574111994889538,43.556379675622345,35.65002415894086,2963,1552.7859877119372,1164.4749492925257,74.99262348499191,0.017668144778373546,0.01324980529042893,75.2,76.8875,,
23.99113000000082,1525,,-2.772600080450052,20.612722881833,43.55470132648642,35.643844018704264,2964,1552.4569803625338,1166.6338580268216,75.14758043436322,0.017668545053797936,0.013277484105884509,75.2,76.8875,,
24.013044999999927,1525,,-2.7772979361350223,20.62646759003979,43.55137563506025,35.663723039678615,2965,1553.2041986457962,1168.9887803212932,75.26304534461781,0.01764470963046426,0.01327994581010246,75.2,76.8875,,
24.034480000000446,1525,,-2.779842083709852,20.60360695678559,43.534828836264595,35.79076250414307,2965,1558.1447195372652,1170.407045148738,75.11542608804163,0.01760379608289801,0.013223166435338824,75.2,76.8875,,
24.057050000000746,1525,,-2.78124803675395,20.56865483141475,43.51304540678317,35.96829331789456,2967,1565.0899803460418,1171.4876157476508,74.85113510781244,0.0175577228089498,0.013142154821582217,75.2,76.8875,,
24.077884999999778,1525,,-2.7836582050396856,20.548092869437944,43.52094443820252,35.90490727117452,2968,1562.6154744076,1172.943933861506,75.06286434966852,0.017518393058899726,0.013149807618043645,75.2,76.8875,,
24.12397499999963,1525,,-2.7855539476086877,20.501904127522334,43.513971319286696,35.94378152496325,2971,1564.056678383958,1174.9217856032417,75.12015400984157,0.017449590584445597,0.013108159321122347,75.2,76.8875,,
24.149019999999553,1525,,-2.784502739254044,20.45021715443781,43.53612301642944,35.77085105108552,2973,1557.3241717624337,1175.250126903522,75.46599148804606,0.017400735967856313,0.013131637924359812,75.2,76.8875,,
24.192179999999702,1525,,-2.780278379904648,20.384675215669482,43.56114333885979,35.56603147217961,2976,1549.2969949540145,1174.9177053386652,75.83553761256334,0.017349874908722807,0.013157370912137173,75.2,76.8875,,
24.21555999999959,1525,,-2.777013424152912,20.354670567848228,43.54811102667847,35.6582759130182,2978,1552.8505584800512,1174.0181358195111,75.60406437105283,0.01733761170021438,0.013107939110233262,75.2,76.8875,,
24.24141500000004,1525,,-2.7721357749149824,20.28871142478966,43.57751186171062,35.424480635463276,2979,1543.710725086839,1172.4262244314928,75.94857024560349,0.017304893904627233,0.01314281950308297,75.2,76.775,,
24.264535000000148,1525,,-2.768030200905437,20.225513656582056,43.590441188658104,35.319685259193704,2979,1539.6006630927977,1170.8823534486041,76.05104242398151,0.017273736850685104,0.013136856940521456,75.2,76.775,,
24.288120000000113,1525,,-2.7628695834613883,20.172453198693972,43.590227436142776,35.31539605750221,2979,1539.4061461439815,1168.7454791442776,75.92184051439823,0.017259919767530284,0.013104048758817436,75.2,76.775,,
24.311590000000784,1525,,-2.7599281976906997,20.142653012500585,43.59897512148717,35.250750314141555,2980,1536.8965859600137,1167.5840552608151,75.97024197509622,0.01725156567678643,0.013106056189147296,75.2,76.775,,
24.334665000000037,1525,,-2.754856368194441,20.120419450887105,43.6170057699021,35.10540787184251,2979,1531.1927777009214,1165.3216982510555,76.10548555491363,0.01726597855432053,0.013140356814572896,75.2,76.775,,
24.360139999999664,1525,,-2.7514581482753733,20.07610953123213,43.60721968374437,35.15542531456046,2979,1533.030354767506,1163.7177785579615,75.90963707528459,0.017251699596881425,0.013095702553311023,75.2,76.775,,
24.382679999999702,1525,,-2.748869978212048,20.04236197801585,43.60114598805433,35.235233398216366,2979,1536.2965553187994,1162.534502701665,75.67123018513998,0.01724022980086916,0.0130458939770628,75.2,76.775,,
24.405705000000076,1525,,-2.7479624486165455,20.030475177559328,43.626536629048346,35.07518023140591,2978,1530.2086351359023,1162.0775052353242,75.94242239602292,0.017236780754570323,0.013090028848112181,75.2,76.775,,
24.432375,1525,,-2.747156492644328,20.03540962303185,43.62140970009391,35.13957608709867,2978,1532.837845182954,1161.5611307854826,75.77847418340868,0.017248691516978797,0.013070795248169578,75.2,76.775,,
24.453280000000262,1525,,-2.74716098905169,20.03695774028747,43.624010847496685,35.1241821316781,2977,1532.2577023217746,1161.3263006134634,75.79183963988223,0.017253512410511214,0.013076754458421838,75.2,76.775,,
24.47537000000011,1525,,-2.7457428397353514,20.040745122705903,43.64295252146808,34.98517448694901,2976,1526.8563090891923,1160.1766200962486,75.98466294371359,0.017273874318414824,0.013125495178168209,75.2,76.775,,
24.497169999999926,1525,,-2.744732110502595,20.051539026455533,43.613872760681744,35.18391449482085,2974,1534.5067699998226,1158.8934131054073,75.52220920508165,0.01730231512208254,0.013067090623821656,75.2,76.775,,
24.519459999999963,1525,,-2.7435885286451636,20.08613306185771,43.62408647149383,35.093523700714236,2973,1530.9229125093761,1157.9594837995153,75.63800073391504,0.017346144958328567,0.013120277250886525,75.2,76.775,,
24.54414999999944,1525,,-2.743374216579716,20.123085226815416,43.63653247749714,34.981410016772365,2972,1526.4674343055312,1157.563553163823,75.83283646601072,0.01738400036163502,0.013182780565489395,75.2,76.775,,0.23862000000011177,-4391,
24.566485000000334,1525,,-2.7432082816235406,20.15169610254966,43.63955779332201,34.9343224609836,2971,1524.518384006641,1157.2432832608915,75.90877849695057,0.017413534728640646,0.013218401505653392,75.2,76.775,,
24.58841000000015,1763,,-2.743297072588319,20.156482345988348,43.6391536551822,34.911861563993924,2971,1523.5240911795804,1157.3288863273847,75.96393736257423,0.01741638231285492,0.013230169750963569,75.2,76.775,,
24.61341500000004,1763,,-2.7452332631231227,20.16076725912858,43.6082776392845,35.15421725718963,2972,1533.014866343252,1158.5500979847548,75.5733113500902,0.01740172245826686,0.013151057893664584,75.2,76.775,,
24.636450000000185,1763,,-2.748292160002497,20.163024871851814,43.621450626877746,35.07186276109672,2974,1529.8855298258127,1160.4924968210155,75.85485803981328,0.017374541349543585,0.013179433675764948,75.2,76.775,,
24.659665000000036,1763,,-2.749056142403096,20.16984653294948,43.63721983703902,34.958776165418115,2974,1525.5038007641901,1160.9777238506745,76.10454482441085,0.017373155503837848,0.013221760917832878,75.2,76.775,,
24.6845549999997,1763,,-2.776514345004587,20.17410860566573,43.13158813843167,39.26779966335546,2979,1693.6825621822934,1174.2828902619908,69.33311569016445,0.017179939155176436,0.011911387089958338,75.2,76.775,,
24.70672499999963,1763,,-2.7975860272759303,20.177379360252168,42.395913797611264,45.6617060720676,3007,1935.869754483241,1194.3386860297971,61.695198412178954,0.01689418554072422,0.010422901289471457,75.2,76.775,,
24.729860000000336,1763,,-2.9012478920828793,20.231646453887684,41.7125893852741,51.61761572904028,3041,2153.104409952323,1252.621344661402,58.17745478906614,0.016151446356964746,0.009396500402103436,75.2,76.775,,
24.756985000000334,1763,,-3.0895772118707043,20.423463436311796,40.851745880939134,59.13510401302521,3144,2415.77224178301,1379.2327076576084,57.09282869479606,0.014807844479701735,0.008454217282187928,75.2,76.775,,
24.77880999999959,1763,,-3.2692654736353304,20.641833282961834,40.23107658551784,64.56643504032259,3247,2597.5771929610805,1507.1598643463076,58.021754596183406,0.013695848576696744,0.007946571651035862,75.2,76.775,,
24.80175500000082,1763,,-3.483381531783807,21.004204744448735,39.69538870801768,69.2541136664077,3308,2749.0689616172936,1636.1197669199269,59.51541375511322,0.012837816136156185,0.0076404793905540435,75.2,76.775,,
24.827419999999925,1763,,-3.7342462519264594,21.57280616751462,39.16685391324793,73.85436388570203,3416,2892.643081167145,1811.148233353487,62.61222634569599,0.011911121226985838,0.007457818182950613,75.2,76.775,,
24.84946499999985,1763,,-3.9196462349972174,21.99293909690788,38.83615279874703,76.68899103600225,3519,2978.3053738559247,1958.5607828773666,65.76091223116168,0.011229132784226154,0.007384380154555565,75.2,76.775,,
24.870709999999963,1763,,-4.085168344097903,22.55258058094636,38.569006996141034,78.9592146086857,3572,3045.3785006522003,2071.764265564234,68.02977906097858,0.010885688567856577,0.007405509881979032,75.2,76.775,,
24.8935549999997,1763,,-4.242159535346808,23.1773376827209,38.38128465305813,80.48997378707698,3626,3089.3085956389887,2183.9710965706417,70.69449454333039,0.010612474551112364,0.007502435242448458,75.2,76.775,,
24.91653000000026,1763,,-4.370197312802457,23.798325892340845,38.217015948121684,81.84361000760174,3653,3127.818548912367,2266.733891176245,72.4701211316895,0.010498950046576269,0.007608601816309393,75.2,76.775,,
24.940730000000446,1763,,-4.489536616435291,24.5270835400384,38.08344388567829,82.92296874963021,3692,3157.992227210397,2353.415432306074,74.5225213674752,0.010421909877596369,0.007766670015430762,75.2,76.775,,
24.961650000000372,1763,,-4.575519280542655,25.052145461217673,37.99983009575298,83.55527453794971,3726,3175.0862360460847,2420.3604629372358,76.22975513103844,0.010350584487244338,0.00789022520925761,75.2,76.775,,
24.982900000000374,1763,,-4.637554845674278,25.69413287267023,37.929858197252955,84.06458622037883,3743,3188.5578347497135,2464.2791274865044,77.28506915039031,0.010426632513370157,0.008058230148015207,75.2,76.775,,
25.006584999999962,1763,,-4.691285282811307,26.391167489426017,37.874043066428094,84.4518347876647,3759,3198.532427786883,2503.804145989388,78.27977994651162,0.010540428064910581,0.008251023894632356,75.2,76.775,,
25.02853500000015,1763,,-4.727692190683555,27.012381563010983,37.83266471768438,84.70842811675212,3767,3204.7455597031512,2528.5953508635575,78.90159464321954,0.010682761697630189,0.00842886933136529,75.2,76.775,,
25.05378500000015,1763,,-4.751978756826991,27.766665292436485,37.79863048604609,84.89081746986915,3778,3208.75664120197,2548.824473161597,79.43339923113743,0.010893910343694375,0.008653403295188928,75.0875,76.6625,,
25.07616500000004,1763,,-4.769301885397934,28.30468099818253,37.78057880325588,84.96807158943562,3788,3210.1429244453593,2564.960956715932,79.90176814819233,0.011035131323956936,0.008817265045316618,75.0875,76.6625,,
25.098060000000523,1763,,-4.775179201316615,28.90886379420317,37.76306381712802,85.03468395241887,3793,3211.170196764506,2571.4336504727626,80.0777751694281,0.011242313714331391,0.009002594700004073,75.0875,76.6625,,
25.12296499999985,1763,,-4.776361893511368,29.479347796223355,37.75438262670902,85.00842454277783,3799,3209.4405866817556,2576.2923867648256,80.27231902829699,0.01144254741723706,0.009185198167728692,75.0875,76.6625,,
25.146200000000185,1763,,-4.774654479611891,29.961990671870804,37.751329068060635,84.94332520639429,3803,3206.7234220018804,2577.8830357130955,80.3899400249425,0.011622711448420196,0.009343490762657123,75.0875,76.6625,,
25.167785000000148,1763,,-4.770309424312558,30.38351502981208,37.754873480506575,84.83930753429819,3805,3203.097322131216,2576.983315620884,80.45285723339369,0.01179034215923577,0.009485667144698581,75.0875,76.6625,,
25.192920000000857,1763,,-4.762208965910541,30.819156145905453,37.75615129023752,84.74283060407389,3808,3199.563133050384,2574.9831102035328,80.47920928969474,0.011968682832824264,0.009632301306248406,75.0875,76.6625,,
25.21604000000004,1763,,-4.752489735401401,31.175958872154098,37.7554021856719,84.67800467750706,3812,3197.052122879485,2572.081678699381,80.45166546683598,0.012120905463592733,0.00975147031512107,75.0875,76.6625,,
25.240830000000074,1763,,-4.7400461399654406,31.462702247027195,37.75476576505571,84.6229427412833,3814,3194.919381546872,2566.6603318081798,80.33568379323204,0.012258225935514467,0.00984772962621486,75.0875,76.6625,,
25.26477999999933,1763,,-4.725933653997257,31.75244697325141,37.75756329661036,84.55256047177737,3815,3192.498653903609,2560.1286541180293,80.19200418417239,0.01240267629604349,0.009945954694272553,75.0875,76.6625,,
25.28571999999974,1763,,-4.715949359852128,31.957435419662943,37.75718355047176,84.50028718067452,3817,3190.4928531483038,2555.6600247799047,80.10235855122005,0.012504572247404127,0.010016457296912008,75.0875,76.6625,,
25.30728000000026,1763,,-4.706254305328593,32.167887675008494,37.759850923653765,84.43866066473421,3817,3188.391238893351,2550.744852094816,80.00099928075785,0.012611174202151345,0.010089065382758217,75.0875,76.6625,,
25.330139999999666,1763,,-4.696081768071313,32.36439366381778,37.752736910498626,84.44139328647708,3817,3187.893705100314,2545.285513009902,79.8422327864225,0.012715427600711714,0.010152281304749265,75.0875,76.6625,,
25.352044999999926,1763,,-4.686491428441804,32.53466134784983,37.747476536408456,84.37125219675018,3817,3184.8018626442276,2539.9185664332213,79.75122710850268,0.012809332463574958,0.010215599824108823,75.0875,76.6625,,
25.37680999999959,1763,,-4.675691065423599,32.723874789197716,37.745679632074,84.30459248336386,3817,3182.1341393896064,2533.767305020699,79.62477991285193,0.012915106578396071,0.010283625188558134,75.0875,76.6625,,
25.403935000000523,1763,,-4.6655176780584,32.897155739409996,37.76209440706761,84.11430562316134,3816,3176.3323499267563,2527.670888701419,79.57828747862939,0.013014809754884974,0.010356962721539069,75.0875,76.6625,,
25.425950000000185,1763,,-4.657441217256577,33.027219833348184,37.76328263546593,84.08323552054603,3815,3175.2589878668277,2522.863778330156,79.45379535875409,0.013091162557816888,0.01040142550876967,75.0875,76.6625,,
25.4480549999997,1763,,-4.649211742029323,33.128318229635816,37.776039747635,83.96216395456355,3815,3171.758042845039,2518.1437819824505,79.39268216448495,0.013155848552680734,0.010444781027470809,75.0875,76.6625,,
25.475334999999962,1763,,-4.638850239093164,33.24374414313289,37.78440163591225,83.9141475885261,3815,3170.645855420088,2512.3458226226767,79.23766756630751,0.013232152932047084,0.010484849352160881,75.0875,76.6625,,
25.4969450000003,1763,,-4.631518065873768,33.32998851610542,37.78647985521904,83.92282939000566,3814,3171.1483021384333,2508.3078720561343,79.09777888232729,0.013287837943427512,0.01051038467473428,75.0875,76.6625,,
25.519220000000672,1763,,-4.624849621481909,33.4025340750558,37.794628347679385,83.87736236564447,3814,3170.1137373931624,2504.678719351429,79.00911219075276,0.013336055365897456,0.010536698945862824,75.0875,76.6625,,
25.543919999999925,1763,,-4.618947477160631,33.46191630668773,37.8080928656156,83.7814357596936,3815,3167.616303617103,2501.6066382396384,78.97442109333294,0.013376170256021799,0.010563753024151806,75.0875,76.6625,,
25.56731500000041,1763,,-4.614359556408409,33.508075966294044,37.80949076835916,83.76522710095007,3815,3167.1205807828806,2499.5681465352413,78.92241810121966,0.013405546079126118,0.010579981125319575,75.0875,76.6625,,
25.589825000000186,1763,,-4.609028265782634,33.5595059510248,37.81324956630894,83.76063042566867,3816,3167.2616221171793,2497.0045849534663,78.83796423752091,0.01343990561861552,0.010595747985160666,75.0875,76.6625,,
25.61615499999933,1763,,-4.602152912787047,33.61205000276257,37.81720972848226,83.776307593698,3816,3168.186194548718,2493.716888430929,78.71118473786981,0.013478695259553542,0.01060924072600169,75.0875,76.6625,,
25.63903000000026,1763,,-4.5968253279710405,33.64240661260182,37.82170331017559,83.78597019813931,3817,3168.928106389239,2491.4587665745926,78.62149859289256,0.013503095882600305,0.010616336339335534,75.0875,76.6625,,
25.661400000000373,1763,,-4.592472991486045,33.65636150389368,37.832898434966616,83.73882973359295,3818,3168.0826403739848,2489.5183699045683,78.58123201011847,0.013519226012051418,0.01062357435850241,75.0875,76.6625,,
25.686225000000558,1763,,-4.588993040568137,33.66344906478517,37.82213729394973,83.82737124211658,3818,3170.530344110227,2487.9389088959074,78.47074901893484,0.013530657422663272,0.010617608226749974,75.0875,76.6625,,
25.70905500000063,1763,,-4.5870146664287965,33.674092027529156,37.83156364616995,83.737613018857,3820,3167.924836501238,2487.958221053552,78.53589808656369,0.01353483018427436,0.010629700439711173,75.0875,76.6625,,
25.732020000000485,1763,,-4.585026839415453,33.67550057032823,37.84186407737437,83.64356098231163,3821,3165.228265640211,2487.5032913467708,78.58843288964624,0.013537871763818179,0.010639201265794618,75.0875,76.6625,,
25.756365000000223,1763,,-4.582068461024709,33.659589997284286,37.84529912130027,83.61366510966192,3821,3164.3841667033835,2485.876255864433,78.55797921192952,0.013540332073198703,0.010637011255289663,75.0875,76.6625,,
25.77712000000011,1763,,-4.579965426832717,33.64827958505633,37.84763634316228,83.59389302533243,3820,3163.8312637319914,2484.1801926123867,78.51809990909875,0.013545023700423072,0.010635295241809293,75.0875,76.6625,,
25.798805000000634,1763,,-4.578140648350748,33.650826446036696,37.851777951703426,83.54835418297915,3819,3162.453750764399,2482.607512048002,78.50257134821115,0.013554630074520634,0.010640733145236645,75.0875,76.6625,,
25.822540000000036,1763,,-4.5771797610436815,33.669632629065696,37.852736871724204,83.53502765040142,3817,3162.0294212228505,2480.7700697596506,78.454996437075,0.01357225042316307,0.010648108585923481,75.0875,76.6625,,
25.844549999999813,1763,,-4.577030777012955,33.68191215112981,37.85324404913989,83.53312091634449,3816,3161.9996122326997,2480.045723688505,78.43282820447077,0.013581165794409473,0.010652092435693528,75.0875,76.6625,,
25.86949500000011,1763,,-4.576818399791729,33.6706257637723,37.84818856374833,83.58433815577969,3815,3163.515791496054,2479.305982049709,78.37185414766726,0.013580665721596767,0.010643419531612063,75.0875,76.6625,,
25.897350000000557,1763,,-4.576047862824331,33.663071670889714,37.842949616241306,83.64813478848302,3815,3165.4921502931247,2478.4587094883937,78.29615717918898,0.013582260435493996,0.010634387979061175,75.0875,76.6625,,
25.919635000000707,1763,,-4.57520256432795,33.66735033489889,37.84510839116945,83.62759961464938,3814,3164.895571909726,2477.8456793609053,78.29154621571767,0.013587347515355555,0.010637744459474761,75.0875,76.6625,,
25.941245000000112,1763,,-4.575054175808008,33.68108306201641,37.847957205449035,83.60453354694671,3815,3164.2608078663675,2477.8548031391906,78.30754016796692,0.013592839668953118,0.010644218383732806,75.0875,76.6625,,
25.966485000000336,1763,,-4.575241365778342,33.69138874344939,37.85174345940651,83.58533276349586,3816,3163.8505727329707,2478.712777333859,78.34481181558199,0.013592292358975274,0.010648855870062908,75.0875,76.6625,,
25.988200000000187,1763,,-4.574549059034395,33.682595950385426,37.855095381176604,83.57107848370501,3819,3163.5911471084487,2480.210066370134,78.39856514445835,0.01358054158681848,0.010646949742912144,75.0875,76.6625,,
26.010735000000334,1763,,-4.572957662436132,33.66533606545583,37.86886915548837,83.4634446611515,3821,3160.6662651394904,2480.839918543388,78.49104304069576,0.013570136393654232,0.010651341597424261,75.0875,76.6625,,
26.03571499999985,1763,,-4.570971260306315,33.64920791421254,37.875121890104175,83.40804574924368,3825,3159.08989936799,2482.208486498606,78.57353116146516,0.013556156985700259,0.010651551233456328,75.0875,76.6625,,
26.058269999999553,1763,,-4.569492453599117,33.63720107135064,37.87898643520277,83.38114468916562,3828,3158.393248632584,2483.4062095099484,78.6287841320941,0.013544784152725574,0.010650099092604682,75.0875,76.6625,,
26.1295549999997,1763,,-4.560373413320047,33.57912905721905,37.90473803179676,83.15421562828266,3833,3151.938759629594,2481.6361108767355,78.73363983659281,0.013531044664463681,0.010653483972247343,75.0875,76.6625,,
26.15246499999985,1763,,-4.554763440658213,33.5564496788743,37.91834044505667,83.03311529563067,3834,3148.477933993366,2479.250200573444,78.744404520215,0.013534918610115583,0.010657991061831277,75.0875,76.6625,,
26.177394999999553,1763,,-4.548904119134684,33.53112147680314,37.92349697106599,82.961043684175,3835,3146.1728888732837,2477.051779809823,78.73222061540655,0.013536705913906051,0.010657749164195297,75.0875,76.6625,,
26.20071499999985,1763,,-4.5444121416210255,33.49898910885183,37.93634361985734,82.83638786752822,3836,3142.509674370332,2475.2554568090477,78.76683648730587,0.013533548231032581,0.01065994780606811,75.0875,76.6625,,
26.22675,1763,,-4.540637514860853,33.46194149219977,37.94838110941232,82.72643239897684,3837,3139.334184498408,2473.62842130883,78.79468307398622,0.013527472923558425,0.010658929418037158,75.0875,76.6625,,
26.248469999999738,1763,,-4.5362153534596175,33.443682955848566,37.957819177621,82.64018503304274,3837,3136.8412002893774,2471.3452492041756,78.78451892866592,0.013532582291615518,0.01066157985707512,75.0875,76.6625,,
26.27328500000015,1763,,-4.531305568993647,33.43570302811321,37.95396366478727,82.67234635493153,3837,3137.7432296377797,2468.404925777978,78.66816195992334,0.013545469253823958,0.01065597169082985,75.0875,76.6625,,
26.295360000000336,1763,,-4.527255515783384,33.434693933756776,37.9557976337012,82.65283175324888,3836,3137.154155878667,2465.5623051204407,78.59232229631623,0.013560676955646238,0.010657650938543773,75.0875,76.6625,,
26.31721499999985,1763,,-4.523847435156602,33.4325626082281,37.954879990929115,82.65558513155958,3835,3137.1828142483687,2463.4095067365633,78.52298232504397,0.013571662574493498,0.010656874204584136,75.0875,76.6625,,
26.34359000000078,1763,,-4.521375095473844,33.430030435639246,37.94739061449266,82.70681908402545,3834,3138.50797026369,2461.2207840663027,78.42009029084979,0.01358270280019652,0.010651567799851894,75.0875,76.6625,,
26.37018999999948,1763,,-4.519454679095989,33.43395893601504,37.95021333003481,82.66619814464816,3833,3137.199854772326,2459.3783480431844,78.39406036889758,0.013594475596899079,0.010657261406268114,75.0875,76.6625,,
26.39469000000041,1763,,-4.517779099990159,33.439346730222624,37.94417628570115,82.68535541686673,3832,3137.4277021834455,2457.77636665616,78.33730686274325,0.013605528633069793,0.010658204715586279,75.0875,76.6625,,
26.415429999999702,1763,,-4.516187435632822,33.44092515967862,37.94433566163864,82.65721251470028,3831,3136.3730165131856,2456.398421568973,78.31971543677659,0.013613803390379537,0.010662292075467495,75.0875,76.6625,,
26.441759999999775,1763,,-4.514913862107528,33.43355816540296,37.94641808577789,82.61518685286902,3830,3134.9504205536286,2455.1245760202733,78.3146221364069,0.013617866275282187,0.010664780516528435,75.0875,76.6625,,
26.464450000000188,1763,,-4.51515123334133,33.426214284140634,37.946198246480265,82.59886224083434,3830,3134.312801524413,2455.0312458062403,78.32757613127205,0.013615392611088075,0.0106646070130216,75.0875,76.6625,,
26.487400000000374,1763,,-4.517156069202697,33.42854957235879,37.93855999145551,82.65249731116329,3829,3135.7167276831838,2455.9325692549437,78.32125101011606,0.013611346659448395,0.010660576983003623,75.0875,76.6625,,
26.51371999999974,1763,,-4.519872500396963,33.428138153154386,37.933522773043606,82.66631424868137,3829,3135.824514115934,2456.9394942437975,78.35066927960632,0.013605600883322922,0.01066007935159554,75.0875,76.6625,,
26.535490000000223,1763,,-4.52069322462277,33.416796944203625,37.93017482497612,82.66613848009862,3829,3135.5410846558266,2457.712831929015,78.38241520597988,0.013596705241586494,0.010657425956793554,75.0875,76.6625,,
26.558135000000707,1763,,-4.520461866234139,33.37485646805958,37.92730512315044,82.66598774977089,3830,3135.298140692177,2458.0994519418086,78.4008200062,0.013577504539816185,0.01064487489559492,75.0875,76.6625,,
26.579384999999778,1763,,-4.519897638446142,33.32242499375754,37.93321325139188,82.60529105792173,3831,3133.4841213934396,2458.421298340434,78.45647857462863,0.013554399734598767,0.010634304723695,75.0875,76.6625,,
26.60055999999959,1763,,-4.518505020876269,33.28771098133356,37.9369605617148,82.54957557400574,3831,3131.679992937351,2457.8618049142774,78.4838109403679,0.01354336151641143,0.01062934624751089,75.0875,76.6625,,
26.623770000000484,1763,,-4.517262273418196,33.266720656230355,37.938194289006184,82.52865020223564,3831,3130.987965781845,2457.288677163651,78.48285282533932,0.01353797824626319,0.010624991542541191,75.0875,76.6625,,
26.645990000000225,1763,,-4.517226097840217,33.248843310372564,37.93510016542886,82.54265484185721,3831,3131.2638793462747,2457.1685960381383,78.47210234325988,0.013531364255583421,0.010618346007080707,75.0875,76.6625,,
26.672629999999888,1763,,-4.518690014185142,33.22444842445356,37.93219038303833,82.54697333745196,3831,3131.1875081798166,2457.5339384468566,78.48568417020289,0.013519426081843316,0.010610814056219582,75.0875,76.6625,,
26.698620000000112,1763,,-4.519687964084972,33.20940420567132,37.925777648656144,82.58122593802356,3829,3131.9572128789173,2457.3141332975556,78.45937751616904,0.013514513165277105,0.01060340290381713,75.0875,76.8875,,0.276714999999851,2646,
26.72266500000004,1763,,-4.520239571593455,33.200319439547435,37.917962041880635,82.6339073061387,3828,3133.30936060645,2456.987444950626,78.41509286765984,0.013512612572676216,0.010595927697711132,75.0875,76.8875,,
26.74456500000041,1525,,-4.519938434060304,33.1992893611929,37.910232645055096,82.67563372493288,3828,3134.2525085895686,2456.2874003712063,78.36916118403458,0.013516044318012486,0.010592410557288753,75.0875,76.8875,,
26.770540000000036,1525,,-4.5196531468134316,33.20258593315129,37.90582642712425,82.69939820948062,3826,3134.7890341562024,2455.0695955015567,78.31690007689441,0.013524091534508287,0.010591649253388591,75.0875,76.8875,,
26.793775000000373,1525,,-4.520693817845412,33.2032450616149,37.90605161108888,82.69256003495349,3825,3134.5484485380125,2454.951262232404,78.31913599476889,0.0135250119105915,0.010592672471564847,75.0875,76.8875,,
26.8168200000003,1525,,-4.5232199824398585,33.19974057368061,37.90075542285113,82.73577022435599,3824,3135.748191994525,2455.8195704044224,78.31686156031468,0.013518802836241467,0.010587502101871123,75.0875,76.8875,,
26.842700000000185,1525,,-4.4445548244509885,33.20997094050759,37.89562685543714,82.77762997381907,3804,3136.910177465297,2400.225246937725,76.51558735026222,0.01383618932551343,0.010586841529310886,75.0875,76.8875,,
26.86500499999989,1525,,-4.318256780746251,33.203173226640956,39.055496370783324,73.2927842951392,3676,2862.486071043414,2253.955448859348,78.74118486235119,0.014731068994040666,0.011599418268798059,75.0875,76.8875,,
26.887214999999852,1525,,-4.099731065911887,33.048290770814525,39.984062535087176,65.72458324142124,3578,2627.93584641753,2082.8673216288935,79.25868222652058,0.015866728729014443,0.012575760103073604,75.0875,76.8875,,
26.909015000000597,1525,,-3.8496591528219724,32.7613727919288,40.75341149551067,59.47900627043835,3470,2423.9724178832334,1896.3813131223262,78.23444273257725,0.01727573065882427,0.013515571608912163,75.0875,76.8875,,
26.932009999999778,1525,,-3.577400921780484,32.21211906564122,41.396446138149685,54.25572475006484,3395,2245.994187302334,1724.4576427860266,76.77925671113488,0.018679565253687216,0.014342031358652458,75.0875,76.8875,,
26.956640000000597,1525,,-3.3173901651348827,31.569633497238986,41.91501590989567,50.06093553847524,3305,2098.3049095594515,1556.4513536410561,74.17660543756914,0.020283083967505403,0.015045303165147324,75.0875,76.8875,,
26.979165000000037,1525,,-3.1124695975701946,31.063275571791465,42.28446634399026,47.07375187261729,3224,1990.4884767430342,1424.585413558703,71.5696388199997,0.021805133813769348,0.015605855514732345,75.0875,76.8875,,
27.00177999999933,1525,,-2.935622342410345,30.35589602857035,42.59057954177316,44.595700476386746,3180,1899.356728360641,1325.347317841605,69.77874656466082,0.02290410643302652,0.01598219838080175,75.0875,76.8875,,
27.02802499999944,1525,,-2.773795011193571,29.387435988827054,42.877063067623475,42.27834482551508,3139,1812.7712574783425,1236.0581251957042,68.18610567089,0.0237751246400117,0.016211331610424186,75.0875,76.8875,,
27.0550549999997,1525,,-2.6539486013979317,28.41416902662855,43.0936437020241,40.542777368959904,3104,1747.1360026284442,1169.6290869998786,66.94550883504509,0.024293316011413026,0.016263284016745927,75.0875,76.8875,,
27.07691500000004,1525,,-2.5734746324402193,27.645385644813775,43.236635444901964,39.41117428255968,3074,1704.0065749105286,1123.322434232952,65.92242370261592,0.024610374370107827,0.016223755267062476,75.0875,76.8875,,
27.098955000000075,1525,,-2.513339346065246,26.947971562163342,43.366006935173445,38.38159047032147,3059,1664.456318518948,1091.4378595489195,65.57323538055317,0.024690339744399808,0.016190254596853554,75.0875,76.8875,,
27.124200000000187,1525,,-2.4652193147800827,26.194295397383744,43.470184247520834,37.55958112278961,3044,1632.7219116673698,1065.4194400326774,65.25418887437168,0.024585899612062968,0.01604332936931898,75.0875,76.8875,,
27.147174999999812,1525,,-2.4346154210944233,25.534295186731498,43.55236496299899,36.908389818486526,3032,1607.4476635713613,1048.202965746982,65.20915047511579,0.0243600676788154,0.015884993188518777,75.0875,76.8875,,
27.170044999999927,1525,,-2.423573925807243,24.899865416341587,43.61196992700412,36.45542346059192,3027,1589.8928316395354,1041.5071129586925,65.50800734692699,0.02390753275376733,0.01566134831280688,75.0875,76.8875,,
27.196264999999666,1525,,-2.4241109533491314,24.248463225740263,43.668053692411036,36.02970555347487,3019,1573.3471166309007,1038.9656221915982,66.03537205549374,0.02333904289786842,0.015412023811798696,75.0875,76.8875,,
27.22026999999955,1525,,-2.429028790924302,23.7398388719202,43.69961172779552,35.79315298390799,3013,1564.1468879103647,1039.2553352921238,66.44231071421468,0.022843124365820238,0.015177499667972768,75.0875,76.8875,,
27.241334999999964,1525,,-2.437478886956802,23.28843585524686,43.68995725534956,35.8690687779319,3011,1567.1180816970382,1041.9561035670997,66.48867853268348,0.022350688071714083,0.014860677141844808,75.0875,76.8875,,
27.266859999999404,1525,,-2.4544318702315664,22.834389854186178,43.687191403065555,35.873754477064004,3010,1567.223578186075,1048.8490762752615,66.92402353269934,0.02177090142966717,0.014569963196071234,75.0875,76.8875,,
27.290200000000187,1525,,-2.470922492132049,22.490380239680718,43.72225208536569,35.60108632338587,3008,1556.5596707439418,1055.349075129171,67.80010397062246,0.021310844695560067,0.014448774860607605,75.0875,76.8875,,
27.313040000000036,1525,,-2.490022422457965,22.203831783726933,43.751929380583995,35.370232008680645,3007,1547.5158930186672,1063.183382146714,68.70258243828512,0.02088429160630251,0.014348047657471844,75.0875,76.8875,,
27.33806000000052,1525,,-2.5096258425859523,21.929677403408995,43.7580513939769,35.34588867739745,3003,1546.6672133113436,1070.0147432999515,69.18196326209689,0.02049474321800215,0.014178665723739343,75.0875,76.8875,,
27.36008999999985,1525,,-2.5260657160079023,21.707997647031718,43.77049772874587,35.24479057403982,2999,1542.6820257711338,1075.768501868594,69.73365112819373,0.020179060466378452,0.014071595626571612,75.0875,76.8875,,
27.382555000000632,1525,,-2.542871555129586,21.525817495626857,43.78409717230023,35.12996922368092,2997,1538.1339861495617,1081.9606616262467,70.34241954010379,0.019895194214614387,0.01399476098276251,75.0875,76.8875,,
27.404139999999664,1525,,-2.5585524664615917,21.362905324035584,43.795657731771875,35.05559186475846,2993,1535.282702893648,1087.2915242413924,70.82028099398909,0.019647817395560558,0.013914639488721856,75.0875,76.8875,,
27.42524500000011,1525,,-2.5743442699595898,21.22077544608931,43.799240059149874,35.04314845856072,2991,1534.8632717649289,1093.3059696493203,71.23148945978329,0.01940973161693785,0.013825840930891313,75.0875,76.8875,,
27.44847500000056,1525,,-2.589948764402632,21.071949546193515,43.7986812986893,35.06730027313489,2989,1535.9015086684753,1099.2510836639788,71.57041499470604,0.019169368908836873,0.013719596879920703,75.0875,76.8875,,
27.470185000000523,1525,,-2.604993406859867,20.928964090110878,43.80797788242652,34.98400677868351,2988,1532.5785951992266,1105.2899275727793,72.11962447048909,0.01893527079910242,0.013656046192782843,75.0875,76.8875,,
27.493290000000037,1525,,-2.619104578149096,20.803555219047865,43.80469581484704,35.0042907593026,2987,1533.3523089257114,1110.6988878922514,72.4359875696423,0.01873014859907379,0.013567368111000618,75.0875,76.8875,,
27.519494999999182,1525,,-2.633175621005603,20.702977570463474,43.80064915341674,35.02686161386314,2986,1534.1992764940999,1116.3666319019082,72.76542552236053,0.018544962719991603,0.013494321036165014,75.0875,77,,
27.54371499999985,1525,,-2.645269050713426,20.620922589483598,43.8087712756448,34.96518636012354,2986,1531.7818518609474,1121.5472316659975,73.21846973858844,0.01838613836962741,0.013462049158260644,75.0875,77,,
27.56812999999989,1525,,-2.6575973985977517,20.511350168030077,43.79925934696503,35.05313824979197,2987,1535.3014931276584,1127.0721113055565,73.41047451269831,0.01819879133045935,0.013359819071266012,75.0875,77,,
27.591615000000225,1525,,-2.6676712168936008,20.426816952729773,43.813029008233336,34.93915663453413,2989,1530.790283152052,1132.2143024441875,73.96273120527286,0.01804147581304442,0.013343968261066364,75.0875,77,,
27.61403500000015,1525,,-2.6743216495814806,20.355526948432903,43.81338376163476,34.94528999112028,2990,1531.0714010425672,1135.4329572518952,74.15937339556692,0.017927546332369704,0.013294956025285314,75.0875,77,,
27.63919000000041,1525,,-2.679760867725955,20.279732009031157,43.817734805409685,34.913962882857575,2992,1529.8507666069702,1138.4908806111134,74.41842730426268,0.017812819017176056,0.013256019771137042,75.0875,77,,
27.661459999999963,1525,,-2.6839338406738196,20.221582064809883,43.81226676006496,34.96131304956087,2993,1531.734373609501,1140.5846868643548,74.46360847648735,0.017729136904688914,0.01320175509096798,75.0875,77,,
27.68447000000067,1525,,-2.6874692225069445,20.178570457002696,43.822348182490096,34.88736738711195,2993,1528.8463608084696,1141.9245918290464,74.69191287639819,0.017670668099617877,0.01319856002164407,75.0875,77,,
27.710974999999628,1525,,-2.6924333814659627,20.157425134070163,43.82930801528181,34.84573580525063,2992,1527.2644876274637,1143.6990596374078,74.88546148375993,0.01762476323138778,0.013198385281244777,75.0875,77,,
27.733594999999738,1525,,-2.696967865888224,20.141102033291897,43.83333039296014,34.82959757785793,2991,1526.6972580840911,1145.4911299407129,75.03066661547766,0.017582940196432896,0.013192597239984378,75.0875,77,,
27.756145000000483,1525,,-2.699044080604009,20.086272861165167,43.83616500439218,34.82602129738973,2991,1526.6392160388523,1146.3371039367953,75.08893338343417,0.017522134450838337,0.013157183865145765,75.0875,77,,
27.78191000000015,1525,,-2.7009344999122327,20.017602570977065,43.82941195806592,34.906253659891796,2991,1529.9205715721437,1147.0767350524975,74.97622794062855,0.017450970767061137,0.013084079620164212,75.0875,77,,
27.80416000000015,1525,,-2.70202368398104,19.975656109518344,43.8032758555005,35.14034516797429,2992,1539.2622330502818,1147.7738822183499,74.56649410177899,0.017403825282128367,0.012977422352482169,75.0875,77,,
27.826449999999255,1525,,-2.7059114971883527,19.947094406090823,43.789081058806765,35.2734341198405,2993,1544.591265896176,1149.838518565557,74.4428991639039,0.01734773542894976,0.012914157192593902,75.0875,77,,
27.85118499999959,1525,,-2.710749545031053,19.90133542678186,43.79600440932813,35.21667884565589,2995,1542.349822006238,1152.5342530103376,74.72586546618581,0.017267456802087213,0.01290325653935944,75.0875,77,,
27.87719000000041,1525,,-2.7135626155900674,19.854872819568442,43.80557105495562,35.13476493470498,2994,1539.0984418463822,1153.6480769589548,74.95609413878547,0.017210510914131096,0.012900326762562055,75.0875,77,,
27.89904000000004,1525,,-2.7168058137547755,19.81856849495366,43.807056302339966,35.12006545721924,2994,1538.5066848262682,1154.7744012400024,75.05813348938437,0.01716228596137253,0.012881691506716864,75.0875,77,,
27.922205000000073,1525,,-2.719069480240175,19.80164304153152,43.81145347993344,35.092033286343856,2993,1537.4329838409296,1155.5734092819985,75.16252229707332,0.017135772493964734,0.012879678821552,75.0875,77,,
27.948490000000223,1525,,-2.720524529186747,19.745294112222076,43.82930347402875,34.958407825256145,2993,1532.202665542013,1156.1216325529033,75.45487673094003,0.017078907232815355,0.012886868399512428,75.0875,77,,
27.97144000000041,1525,,-2.7215025506326533,19.683437182114087,43.832552675392904,34.946898909955806,2993,1531.8117873122687,1156.6577818386108,75.50913182800959,0.017017511567531673,0.012849775243374273,75.0875,77,,
27.99372000000067,1525,,-2.722518207032258,19.626752608845788,43.829349300203866,34.98363406021494,2994,1533.3099170156697,1157.14827607871,75.4673444185964,0.016961311713098698,0.012800251528435926,75.0875,77,,
28.01856500000041,1525,,-2.7228716562541173,19.58083701012651,43.82866115872129,34.99909399024513,2994,1533.9634313606923,1157.5767584709693,75.46312609578628,0.016915368131605046,0.012764865582719564,75.0875,77,,
28.040589999999852,1525,,-2.7231302220363514,19.54724745336596,43.84421808592866,34.88032297145393,2995,1529.3004872680533,1157.8951008805377,75.71403465312463,0.01688170840216957,0.012781822549658123,75.0875,77,,
28.063375,1525,,-2.721878579215886,19.49095454923881,43.84731441536767,34.867926857721145,2995,1528.864951942542,1157.443675894119,75.70607687902694,0.01683965704351199,0.012748643707525664,75.0875,77,,
28.084605000000447,1525,,-2.72015935712493,19.438194139141704,43.84239312602162,34.92855002896683,2995,1531.3512216918778,1156.6161299909631,75.52912183745168,0.016806089449308975,0.012693491776279688,75.0875,77,,
28.10731500000041,1525,,-2.720131058180604,19.411095300480227,43.83620439088537,34.99912978386616,2995,1534.2290067086808,1156.5682749908415,75.38433114831928,0.01678335444626815,0.01265201949357095,75.0875,77,,
28.139705000000074,1525,,-2.719709374987839,19.399574781859606,43.843862141400265,34.95000924956363,2995,1532.3433873785318,1156.4390851361059,75.46866418202077,0.01677526731083842,0.012660070152452954,75.0875,77,,
28.16383999999985,1525,,-2.718874863379087,19.37334754002921,43.85674609032354,34.86167433020388,2996,1528.9195993833016,1156.491453060389,75.64109018727122,0.01675182941366501,0.012671266394808178,75.0875,77,,
28.191,1525,,-2.717384318450171,19.321145450989363,43.860418785774996,34.85423944071947,2997,1528.721538329632,1156.289411401017,75.63767386076373,0.016709610293480864,0.012638760537187658,75.0875,77,,
28.217424999999814,1525,,-2.714974677855028,19.31013879415953,43.86202408069588,34.846886252038075,2997,1528.4549639241643,1155.4282573921819,75.59452418707376,0.016712538117894738,0.01263376366980586,75.0875,77,,
28.24075,1525,,-2.7141469261389286,19.31673980492221,43.86326852448917,34.84752370131473,2998,1528.5262895242688,1155.1750417061107,75.57443071951624,0.016721915820127806,0.012637492686458314,75.0875,77,,
28.2625,1525,,-2.7134282201148032,19.326570869115066,43.869977932769196,34.796579296817875,2998,1526.5251658872537,1154.9136538487046,75.65637826726824,0.016734212817304587,0.012660499349109643,75.0875,77,,
28.288725000000557,1525,,-2.712693572894515,19.336047940610335,43.872191406365445,34.787462852498024,2998,1526.202228806621,1154.6295923971059,75.6537744870116,0.016746537649764467,0.012669387827935303,75.0875,77,,
28.311884999999776,1525,,-2.711946677645518,19.356040192296277,43.86896158262272,34.82070290360603,2998,1527.5480779582124,1154.2026640673082,75.55917098269444,0.01677005329730162,0.012671313244797117,75.0875,77,,
28.333450000000187,1525,,-2.7120666417882013,19.401320420056184,43.866035823711606,34.85705034338126,2998,1529.0406190716812,1154.2777022388207,75.4903230065668,0.016808191289172145,0.012688557895757676,75.0875,77,,
28.35856499999948,1525,,-2.7125264096142074,19.457602478486805,43.85579464623741,34.92569544755858,2998,1531.694127425158,1154.612245387146,75.38138488055037,0.01685206661909479,0.012703321198466596,75.0875,77,,
28.380455000000076,1525,,-2.7130849545971625,19.489502840829942,43.85866741136741,34.90149174746696,2998,1530.732918712738,1155.0223407739077,75.45551066774064,0.01687370205131379,0.01273213805137185,75.0875,77,,
28.40281500000041,1525,,-2.7156488049502294,19.51678496145809,43.81345466599067,35.266425599485686,2999,1545.143939234599,1156.3273464524434,74.83622186197363,0.016878252530595807,0.012631046510220857,75.0875,77,,
28.427515000000597,1525,,-2.721340008653607,19.56124302631339,43.79342922959511,35.420872571324196,3001,1551.201476202793,1159.503625923863,74.74874435796873,0.016870359513302506,0.012610381904868748,75.0875,77,,
28.449485000000337,1525,,-2.7257138447314957,19.59541018991392,43.80349313363151,35.34598107880354,3004,1548.2774394868402,1162.5371222689728,75.08584008395053,0.01685572857378415,0.012656265401896322,75.0875,77,,
28.47281000000052,1525,,-2.726530084002107,19.64209782985023,43.81438144144619,35.26712223252979,3004,1545.2071458381677,1163.073460170246,75.26974382061633,0.016888097357990694,0.01271162761753587,75.0875,77,,
28.498740000000222,1525,,-2.723854762570941,19.680225769254985,43.82709501604357,35.150985573477485,3002,1540.5655846363745,1161.1568698864567,75.37211537544043,0.01694880879547258,0.012774675720086387,75.0875,77,,
28.52164999999944,1525,,-2.7216262653780974,19.70661962479893,43.82592444460572,35.16055344914952,3001,1540.9437588929477,1159.5869311260526,75.25173611521868,0.01699451683683793,0.01278866896411369,75.0875,77,,
28.545054999999703,1525,,-2.7194436367355777,19.755279979276658,43.82573231285371,35.16324266077766,3000,1541.0548601031596,1158.4176545480072,75.17043581890795,0.017053676540336217,0.012819322978517598,75.0875,77,,
28.56983999999985,1525,,-2.7169246995713663,19.797621914749133,43.84300298667556,35.02197309237864,3000,1535.4684708884276,1157.2783242691137,75.36972241439176,0.017107053246894988,0.012893538545466944,75.0875,77,,
28.591924999999815,1525,,-2.7147514371434616,19.819266726847495,43.857826780174506,34.90787123614025,3000,1530.9833699392752,1156.3350626689148,75.52891072322879,0.017139726508943718,0.01294544873314568,75.0875,77,,
28.613650000000373,1525,,-2.7127937022647344,19.826378003551667,43.85864992314285,34.90839424013582,3000,1531.035042357173,1155.4969949535914,75.47162298614633,0.01715831204247135,0.012949656575480521,75.0875,77,,
28.638865000000223,1525,,-2.710865875398722,19.83540119270909,43.86827445600399,34.834303239434,3001,1528.1207749911596,1154.9135984542438,75.57737695575307,0.017174792312825073,0.012980257527631506,75.0875,77,,
28.66083999999985,1525,,-2.7094211102252492,19.84216341273939,43.87524850539382,34.78580050699483,3001,1526.2356417034525,1154.4929962029216,75.64316837171855,0.01718690670103623,0.013000720773755015,75.0875,77,,
28.683115000000225,1525,,-2.708874536726891,19.83608351052041,43.878072216090885,34.77480784621454,3001,1525.8515299768856,1154.2884067572857,75.64880226418697,0.0171846857287993,0.013000008926701343,75.0875,77,,
28.708185000000523,1525,,-2.709110803282233,19.814254920124345,43.87022946152069,34.85056513795463,3001,1528.902289465743,1154.341824933714,75.5013471356031,0.017164980504160578,0.012959791516204872,75.0875,77,,
28.73071999999974,1525,,-2.7092546490814193,19.80818834143008,43.873116025303005,34.82898008325899,3001,1528.055884235789,1154.2150616125546,75.53487235120333,0.017161609651632898,0.0129629999437727,75.0875,77,,
28.751620000000113,1525,,-2.7089164367413403,19.82559251594538,43.87126451290255,34.841163735433646,3000,1528.5259101745573,1153.96141900958,75.49505123389095,0.01718046391270278,0.01297040003311511,75.0875,77,,
28.77369000000041,1525,,-2.7086051145489796,19.841620408019327,43.87752416985201,34.78827857148315,2999,1526.4235338477965,1153.489559810141,75.56811947876835,0.017201387077387307,0.012998764738645458,75.0875,77,,
28.79700500000082,1525,,-2.7088582867803708,19.850778910316105,43.889822117182106,34.687132003327605,2999,1522.4120533812631,1153.4681777476858,75.76583325032429,0.017209645912449563,0.013039031624997784,75.0875,77,,0.23417499999888242,-3276,
28.822040000000037,1525,,-2.7095678438570028,19.855560597163603,43.8790384128934,34.7778613306652,2998,1526.0191132465384,1153.3138864400933,75.57663442278051,0.01721609427460489,0.013011344631799383,75.0875,77,,
28.846400000000372,1763,,-2.7105135651390313,19.87172656439053,43.87971480067113,34.78174040187975,2997,1526.212849105464,1153.4107082722646,75.57338473125132,0.01722866488222318,0.013020285195500511,75.0875,77,,
28.871955000000074,1763,,-2.7125446092237553,19.902107598894403,43.888964592181246,34.67281829991551,2997,1521.7540946761258,1154.141274196833,75.84282363586925,0.017244082716601817,0.013078399242375726,75.0875,77,,
28.89465500000026,1763,,-2.7139562054824418,19.913949549581705,43.88065229892969,34.72697646189661,2997,1523.8423795176009,1154.7212007740852,75.77694493177388,0.017245677602725298,0.013068247620128412,75.0875,77,,
28.921205000000075,1763,,-2.7145106681862075,19.91729397152621,43.87169170775909,34.801997287624545,2996,1526.8224958169321,1154.76455169337,75.63187959681645,0.017247926377995486,0.013044930911153092,75.0875,77,,
28.944299999999814,1763,,-2.714310125271955,19.92351206289134,43.85683901699662,34.901840029871096,2996,1530.684379587025,1154.6464586228735,75.43334694082358,0.017255075710926927,0.013016081125925292,75.0875,77,,
28.966799999999814,1763,,-2.7452149782326054,19.95504880756726,43.38596473223289,38.74209436199921,3002,1680.8631396425365,1170.0119698524338,69.60780698071922,0.017055422783481492,0.011871905770871407,75.0875,77,,
28.993240000000224,1763,,-2.8417976722825493,20.001278501291377,42.678068727321836,44.580069440629835,3033,1902.59126745598,1223.656040454238,64.31523477401589,0.016345507103341414,0.010512651268517477,75.0875,77,,
29.017189999999477,1763,,-2.9499989433943177,20.052597960868145,42.00456251976602,50.18871417893802,3111,2108.1549825158695,1302.9312452830934,61.80433867951097,0.015390373078750777,0.00951191830163141,75.0875,77,,
29.038834999999963,1763,,-3.115718012046466,20.20396726580856,41.23826118794193,56.6339483434294,3176,2335.4855538907527,1405.1943562834501,60.167118308331915,0.014378058932178845,0.008650863728165729,75.0875,77,,
29.06427999999933,1763,,-3.31136940972704,20.42894800051051,40.56252778644011,62.28505799297951,3272,2526.439395520265,1538.3251264313851,60.88905711172228,0.013279993708418253,0.008086062953551914,75.0875,77,,
29.08700500000082,1763,,-3.4938392518682044,20.698442010558757,39.935995128228676,67.53380840946326,3378,2697.0298436310536,1675.6534164519328,62.129583786732375,0.012352460125308082,0.0076745320632759925,75.0875,77,,
29.109195000000298,1763,,-3.6699741245461652,21.02761673817784,39.451585601784124,71.59475417592445,3443,2824.526573010175,1794.2502262646804,63.52392798884164,0.01171944494160868,0.0074446517653994435,75.0875,77,,
29.136125,1763,,-3.8889780695268903,21.629573255446097,39.01112218959804,75.23855729346828,3537,2935.140551944564,1952.9797065858058,66.53785984088341,0.011075165390867711,0.007369178024921586,75.0875,77,,
29.162205000000075,1763,,-4.080541588970551,22.371669499719868,38.6792945587277,77.91039427560447,3596,3013.5190893727176,2083.629457204308,69.14273297794267,0.010736875226239537,0.007423768967853682,75.0875,77,,
29.186245000000113,1763,,-4.225542929806226,23.02946569587133,38.468660710571044,79.56246163255352,3654,3060.6613418405277,2192.0077770161597,71.61876248935128,0.01050610583472467,0.007524342984651339,75.0875,77,,
29.208775000000372,1763,,-4.345005421587009,23.726564473993616,38.302102619981504,80.8583019039316,3684,3097.042977201834,2272.6016391237404,73.37972562386031,0.01044026549375455,0.007661038173719653,75.0875,77,,
29.233325000000185,1763,,-4.449907335962406,24.45193898381855,38.17263774247658,81.81950776231022,3722,3123.266430078419,2351.3293439560016,75.28430239929817,0.010399197818319788,0.007828963532645087,75.0875,77,,
29.254525000000374,1763,,-4.526772840297702,24.983447658961836,38.08792131367469,82.43123080824228,3747,3139.634232813689,2408.306123120917,76.70658250412286,0.010373867100659885,0.007957438926435733,75.0875,77,,
29.27603500000015,1763,,-4.584026350321722,25.62099860510081,38.0205186182535,82.91015515340344,3759,3152.2870976522613,2446.7073522717087,77.616894542821,0.010471623662434468,0.008127749094992852,75.0875,77,,
29.298450000000187,1763,,-4.630568055979162,26.255235978887313,37.97179604667504,83.21776827553944,3776,3159.928124418248,2482.691562858882,78.56797576102947,0.010575311235461623,0.008308807968130914,75.0875,77,,
29.320424999999815,1763,,-4.666039738819418,26.843139534034044,37.89674906523545,83.75591820062347,3785,3174.077014777414,2507.8404920984553,79.01007065747963,0.010703686944448702,0.008456990617764342,75.0875,77,,
29.346064999999477,1763,,-4.694100605688613,27.450980777075777,37.836080708809924,84.16920688010356,3800,3184.6329047121176,2532.48129699065,79.52192207910318,0.010839559135025321,0.008619825769073147,75.0875,77,,
29.373495000000112,1763,,-4.713656002275838,28.106488339127,37.82823035502221,84.12117105301402,3812,3182.1550363276406,2551.248668618056,80.17361314872701,0.011016757670412247,0.008832532676209023,75.0875,77,,
29.400054999999703,1763,,-4.722967451493166,28.65380772955128,37.819192049329025,84.10432394922165,3819,3180.757579614596,2560.9666941927817,80.51436269792957,0.01118866863615459,0.009008485246782995,75.0875,77,,
29.423259999999775,1763,,-4.725173921400726,29.080386042177608,37.81626987506592,84.03585624708404,3824,3177.9226190219742,2565.599853058716,80.731979995419,0.011334731722683834,0.009150753346891524,75.0875,77,,
29.4455,1763,,-4.722709982065236,29.44797923519739,37.813866655025905,83.97578245355727,3827,3175.449039950279,2566.146579826004,80.81208507966436,0.01147556397078225,0.009273642519439861,75.0875,77,,
29.47050499999989,1763,,-4.715399893606575,29.830115191134556,37.82076866707051,83.82873925386538,3831,3170.4673549726153,2564.767689091774,80.8955715966969,0.011630727928305228,0.009408743838459176,75.0875,77,,
29.496514999999665,1763,,-4.705233207059105,30.169993467636928,37.822651418521744,83.70065229489937,3833,3165.780595252871,2560.7880530948096,80.88962504017948,0.011781526952679798,0.009530032976030374,75.0875,77,,
29.518009999999776,1763,,-4.694827342144539,30.44165521520608,37.82791198849206,83.54872359597849,3835,3160.473762939524,2556.5415440972893,80.89108582630587,0.01190735792480735,0.009631991118601349,75.0875,77,,
29.541269999999553,1763,,-4.681218749774195,30.69815922949351,37.82667231632965,83.47181240624167,3836,3157.4608955410436,2549.659155871575,80.75030032746236,0.012040103148218514,0.0097224194519227,75.0875,77,,
29.566950000000187,1763,,-4.663497843079383,30.974239494427493,37.83253696680437,83.3355148987358,3837,3152.793948054098,2540.309409316137,80.5732772636161,0.01219309717975099,0.009824377997662921,75.0875,77,,
29.58811499999929,1763,,-4.6509873247325135,31.169145278829415,37.8373816225218,83.22889796354625,3836,3149.1635742686267,2533.132643225323,80.4382682412306,0.012304584744975358,0.00989759488313282,75.0875,77,,
29.609134999999778,1763,,-4.636760370501639,31.342321073872117,37.842307800687294,83.12684918501147,3835,3145.7118133605154,2524.897696726307,80.2647491738602,0.01241330336453214,0.009963506809732072,75.0875,77,,
29.632150000000372,1763,,-4.622042395282784,31.509124543982796,37.83947378978316,83.086133966444,3834,3143.93558851767,2515.880149581866,80.02327270222717,0.012524096010384098,0.010022191503878421,75.0875,77,,
29.655584999999963,1763,,-4.60967255286579,31.670821162827636,37.8331425852034,83.06798265813373,3833,3142.7228321703765,2508.42514184884,79.81693823494172,0.012625778873945025,0.010077510125497019,75.0875,77,,
29.68045999999996,1763,,-4.598442380880769,31.8797871455744,37.832679692799026,83.01016443452167,3831,3140.496962297836,2500.982782634613,79.63652927098188,0.012746903883916883,0.010151191842659394,75.0875,77,,
29.704195000000297,1763,,-4.589602113884085,32.05406999885569,37.84020891269807,82.87685764337131,3828,3136.077607253108,2494.526380532518,79.54287785363434,0.01284976188225877,0.010221070398487958,75.0875,77,,
29.725549999999814,1763,,-4.581766004456315,32.19902072479742,37.84674371089584,82.76496255465848,3826,3132.3843260480508,2488.9246626079466,79.45783159207924,0.012936920594076407,0.01027939657884225,75.0875,77,,
29.748254999999887,1763,,-4.5740068111481875,32.33954429266891,37.85021101559168,82.86233845353344,3823,3136.356995711618,2482.4968773765913,79.15224194091877,0.013027023150516154,0.010311180881796044,75.0875,77,,
29.77134999999963,1763,,-4.567530520481872,32.48280300430235,37.851398089273246,82.96682100621277,3821,3140.4101701076374,2477.877254787626,78.90298147591011,0.013109125135856006,0.01034349057759834,75.0875,77,,
29.797304999999703,1763,,-4.563350670435587,32.62829287335654,37.84753592775652,83.12101492925372,3819,3145.925598886516,2474.3562337114677,78.65272575382116,0.01318657856488796,0.010371603474953495,75.0875,77,,
29.821254999999887,1763,,-4.560958301481058,32.73708007713647,37.847892305382196,83.19866025282408,3818,3148.893933200968,2472.1243568129685,78.50770490386006,0.013242489192307746,0.010396374337022526,75.0875,77,,
29.842455000000076,1763,,-4.560127052213158,32.8317510625756,37.84655725108436,83.25797727720051,3816,3151.02780363105,2470.4911627636834,78.40270910706792,0.013289564260512251,0.010419378408766281,75.0875,77,,
29.867509999999776,1763,,-4.561365959672627,32.93987552964361,37.84651708129537,83.32428761600137,3815,3153.534074545764,2470.4351785947383,78.33862327777703,0.013333632800833434,0.010445384369087015,75.0875,77,,
29.88946999999974,1763,,-4.562285371877416,33.0201163530391,37.84022836023109,83.43827362431148,3813,3157.3233279273927,2470.0999151977044,78.23398678713048,0.013367927406449142,0.010458262560874615,75.0875,77,,
29.912075000000186,1763,,-4.564651773696878,33.0965548562847,37.83758325552732,83.51602493374268,3813,3160.0445466011843,2471.071266697653,78.19735545675888,0.013393605964475088,0.010473445664518244,75.0875,77,,
29.933419999999927,1763,,-4.567165169478827,33.15320446666877,37.841946295902076,83.51481895821927,3813,3160.363293928918,2472.5803185078075,78.2372179571144,0.013408342782036136,0.010490314366818626,75.0875,77,,
29.954379999999887,1763,,-4.569690344583959,33.19417096925785,37.84030013960502,83.55555296847038,3813,3161.767202657584,2474.1794450020493,78.25305553560074,0.013416234233257222,0.01049861322533705,75.0875,77,,
29.98274500000011,1763,,-4.5749583131857605,33.230429622124674,37.83878757198217,83.58534725561665,3814,3162.768198935641,2477.229116634233,78.32471306205396,0.013414354529820103,0.010506754694608234,75.0875,77,,
30.00933499999996,1763,,-4.580227891740656,33.246020571426115,37.83789930712299,83.6104893918438,3815,3163.6452786278605,2480.936695145384,78.42019179284911,0.013400592057218084,0.010508769992647726,75.0875,77,,
30.0315,1763,,-4.583440390649664,33.249242633476754,37.8441460554236,83.55957007414088,3817,3162.2405742141905,2483.747433937858,78.54391137066045,0.013386724503127813,0.010514457029171196,75.0875,77,,
30.05266000000015,1763,,-4.585368658620585,33.24155520764255,37.84336539242967,83.54621392115322,3817,3161.669900572296,2485.305644436173,78.60737276798905,0.013375238285906628,0.010513923418009411,75.0875,77,,
30.07558499999996,1763,,-4.5856799141524816,33.22651233442968,37.842367962156516,83.54882909843886,3820,3161.685533550453,2486.9902458623587,78.66026584464151,0.013360129735011666,0.010509113566749178,75.0875,77,,
30.096639999999663,1763,,-4.584228326089019,33.198997058922004,37.84609403675729,83.50725831688098,3821,3160.42355101246,2486.700077236384,78.6824942004927,0.01335062372934737,0.010504603741573346,75.0875,77,,
30.11989999999944,1763,,-4.58261472677954,33.16123354685898,37.8481709275666,83.48095318843743,3822,3159.6013854721655,2486.878847002396,78.70862629814809,0.013334478913932806,0.010495385177172727,75.0875,77,,
30.143444999999367,1763,,-4.580719166044331,33.10621575645002,37.8606218664809,83.36893979450042,3824,3156.399904968992,2486.9775607281667,78.79158647841228,0.013311827287559759,0.010488599909134535,75.0875,77,,
30.167945000000298,1763,,-4.578788165109231,33.04562011565626,37.86999284119689,83.28596018660977,3826,3154.038716039121,2487.4292426449942,78.86489249468495,0.013285049298735986,0.010477239847314032,75.0875,77,,
30.189825000000187,1763,,-4.577364763197351,33.000953150773114,37.88688691574192,83.13717550832443,3829,3149.8087669780766,2488.478337867243,79.00410856544433,0.013261499064949334,0.010477129118677956,75.0875,77,,
30.212569999999367,1763,,-4.574324432460223,32.95348812239657,37.892706261222706,83.08400270207804,3830,3148.277709396477,2487.627963279622,79.01551873441618,0.013246951959388485,0.010467147807209719,75.0875,77,,
30.23850499999989,1763,,-4.5694248426538095,32.894195891481786,37.90000725312767,83.00811753781892,3832,3146.008256751811,2485.7926617263884,79.01418111003046,0.01323287995734797,0.010455851735571847,75.0875,77,,
30.260564999999477,1763,,-4.5655412523533,32.84580558436269,37.909921253248456,82.92166634307186,3833,3143.5538412539972,2484.3202901468626,79.02903578568392,0.013221244343828542,0.010448621923796968,75.0875,77,,
30.282484999999404,1763,,-4.561876672332833,32.796521273187274,37.91766317993702,82.85612814321918,3833,3141.710759328286,2482.739289849144,79.02507519119827,0.013209812809294227,0.010439064505161303,75.0875,77,,
30.305580000000074,1763,,-4.5591041536379375,32.75035723611425,37.92066096528432,82.83653506845408,3834,3141.2161618697323,2481.5287730423975,78.9989814507171,0.013197653636698212,0.010426011948385112,75.0875,77,,
30.329544999999925,1763,,-4.557184213700529,32.70286802418077,37.927272732519135,82.79012454167324,3835,3140.0036330512667,2481.1185173532535,79.0164218677114,0.01318069564007234,0.010414914072058603,75.0875,77,,
30.350865000000223,1763,,-4.5549196545188995,32.67762023589195,37.93210920440806,82.7561682127675,3835,3139.11600998506,2480.1331210628323,79.00737383307589,0.013175752526496779,0.010409816053930251,75.0875,77,,
30.373655000000262,1763,,-4.5522344397845345,32.66023621077316,37.92859856534915,82.78137799037798,3835,3139.7816544834754,2478.3626853202386,78.93423677347886,0.01317815039914265,0.01040207243842441,75.0875,77,,
30.3973200000003,1763,,-4.549076096823666,32.66805722297219,37.92848245687489,82.7849123411488,3834,3139.9060954251877,2476.0505485152134,78.85747131491591,0.013193614824447704,0.01040415102558934,75.0875,77,,
30.423134999999778,1763,,-4.547307711317032,32.705607837616554,37.92747573837558,82.79256271801347,3832,3140.1129138053943,2473.79673777163,78.780502665865,0.013220814522973873,0.010415424137720501,75.0875,77,,
30.44591500000004,1763,,-4.547039291070265,32.74674147286974,37.929829874818715,82.77657833359078,3829,3139.701533812703,2472.090226315662,78.73647223128482,0.013246580211465266,0.01042988994979522,75.0875,77,,
30.469989999999292,1763,,-4.548357654990512,32.79973256363933,37.929925258061544,82.74728676153305,3828,3138.598402172334,2471.964947372034,78.76015439442972,0.013268688376228388,0.010450439451233228,75.0875,77,,
30.49466000000015,1763,,-4.549433944816367,32.8746965303271,37.93323594425803,82.71471155105205,3826,3137.6366693273026,2471.4520814099865,78.76794995323205,0.013301773794283635,0.010477534525173467,75.0875,77,,
30.517570000000298,1763,,-4.5497489891332705,32.93818558539229,37.93640620823735,82.66616690575067,3825,3136.057287414505,2470.8070117375823,78.78704963883544,0.013330942250414238,0.010503056088158354,75.0875,77,,
30.538620000000112,1763,,-4.548164639225267,32.98158192790454,37.93640229873231,82.666778323791,3824,3136.080159231459,2469.400684527333,78.74163156379569,0.013356107874497305,0.01051681725379977,75.0875,77,,
30.561629999999887,1763,,-4.546731376115593,33.012849779344435,37.93114736459542,82.69840912730241,3823,3136.8455434253106,2467.893243309389,78.67436279997861,0.013376935922509737,0.010524219099195976,75.0875,77,,
30.58322500000056,1763,,-4.546923637994819,33.03883645767827,37.92696449539167,82.72358130751712,3823,3137.454331181848,2467.7245180240025,78.65371914734564,0.013388381165063627,0.010530459719945267,75.0875,77,,
30.605604999999517,1763,,-4.54777612817429,33.07201771952195,37.930194888867405,82.70065137472325,3822,3136.851824079533,2467.7667946483916,78.67017420794254,0.013401597667673484,0.010543060231806293,75.0875,77,,
30.629655000000263,1763,,-4.549132793596268,33.11969841545032,37.915763203910096,82.81530470417414,3822,3140.0054828231287,2468.2813918002303,78.60755037857571,0.013418121015487063,0.010547656237107248,75.0875,77,,
30.65466000000015,1763,,-4.551642465352065,33.16190404231074,37.91618283091555,82.81050840269403,3821,3139.8583769176153,2469.297705757704,78.64360137739087,0.013429690541155306,0.010561592295403346,75.0875,77,,
30.676580000000076,1763,,-4.553696711994445,33.188265048662814,37.91334019874812,82.83977087179187,3822,3140.73241504859,2470.924766090611,78.6735206810792,0.013431515804980108,0.010567046364613447,75.0875,77,,
30.697799999999813,1763,,-4.555461535676095,33.21668288977469,37.90526471045671,82.91281043728694,3822,3142.8320275132796,2472.2832990405172,78.66418813978665,0.01343562968801591,0.010569029015545864,75.0875,77,,
30.721179999999702,1763,,-4.556869795600844,33.256304530469514,37.901276719886575,82.9407705129101,3823,3143.5610945704148,2473.680434865984,78.69038839863954,0.013444058521759394,0.010579181867312866,75.0875,77,,
30.744165000000038,1763,,-4.557081210696743,33.29818462646989,37.9060423388292,82.89749921849561,3824,3142.3161151593554,2474.3019180712554,78.74134324470333,0.01345760773302321,0.010596701097585546,75.0875,77,,
30.769165000000037,1763,,-4.5572058608743085,33.33713538716858,37.902367001762755,82.89993520991146,3825,3142.1037687484186,2474.6260019453102,78.75697889287144,0.013471585347023012,0.010609813628290075,75.0875,77,,
30.797010000000707,1763,,-4.558756039445119,33.38737662393151,37.893848685259215,82.94182295124244,3824,3142.984888593941,2474.901435175899,78.74366320237326,0.01349038638444143,0.01062282441926338,75.0875,76.8875,,
30.81897500000056,1763,,-4.560388997404887,33.44058766382112,37.894933834975866,82.90833193017357,3822,3141.8057528621443,2474.6906332644385,78.76650652288187,0.013513037635620997,0.010643747670700894,75.0875,76.8875,,
30.841980000000447,1763,,-4.561732302095163,33.50948176600675,37.88792608311222,82.95132083127734,3821,3142.853512151963,2474.5847731524677,78.73687919543151,0.013541456380707357,0.010662120151779605,75.0875,76.8875,,
30.86825,1763,,-4.561254077863404,33.56267324344151,37.88642781245498,82.95172937848757,3819,3142.7447070163707,2473.5015519619196,78.70513778735115,0.013568891119886477,0.010679414452122307,75.0875,76.8875,,
30.891324999999256,1763,,-4.559958046515519,33.58905042606034,37.88187799977267,82.9830031402681,3819,3143.552001014388,2472.812674545307,78.66301157885599,0.013583338023061772,0.01068506276187623,75.0875,76.8875,,
30.91387999999989,1763,,-4.557540323442258,33.596920939299636,37.87213538302498,83.04190072686013,3820,3144.974106791368,2471.703153410527,78.59216227163984,0.013592619685313603,0.010682733720048526,75.0875,76.8875,,
30.93922000000067,1763,,-4.555063563937662,33.59864283981434,37.878300648370356,82.98388480051844,3820,3143.2885374437683,2470.7403711353336,78.60367706315074,0.01359861328706722,0.010689010073233024,75.0875,76.8875,,
30.96090500000026,1763,,-4.553327185843998,33.59985001004126,37.8799671449528,82.96318511871678,3821,3142.6427265376287,2470.3992498825246,78.60897546582584,0.013600979684412972,0.010691590783232148,75.0875,76.8875,,
30.98291000000015,1763,,-4.552065522239838,33.56695205271365,37.880005586640955,82.95231244788006,3822,3142.234058950483,2470.131545768408,78.61067951740809,0.013589135408685959,0.010682511685308742,75.0875,76.8875,,
31.010035000000148,1763,,-4.549191627207077,33.515232701800635,37.8870122760847,82.89603935389059,3824,3140.683260639653,2469.784625096497,78.6384496663151,0.01357010338522581,0.010671318920257718,75.0875,76.8875,,0.26130000000074505,3195,
31.03183999999985,1763,,-4.546773593957478,33.475621630147074,37.88921301461428,82.8830352380723,3826,3140.3729774331027,2469.74421435804,78.64493269130008,0.013554286891546937,0.010659759802642799,75.0875,76.8875,,
31.05289999999944,1525,,-4.543610884050234,33.42445898430472,37.89529099591186,82.8167421000389,3827,3138.3645412143583,2468.5981469873723,78.65874453297809,0.013539854198260362,0.010650279323947328,75.0875,76.8875,,
31.07609500000067,1525,,-4.540225640244505,33.35905217750925,37.89755796294937,82.80070180287187,3828,3137.9443959472233,2467.7764221703496,78.64308957665338,0.013517858375586054,0.010630861471157283,75.0875,76.8875,,
31.09809000000078,1525,,-4.537686142414552,33.29285436496809,37.90145324159272,82.76973880018278,3829,3137.09338495397,2466.8098613755647,78.63361266855496,0.013496319633813621,0.010612643705363137,75.0875,76.8875,,
31.124740000000223,1525,,-4.535880991071222,33.22824583890758,37.908342418333675,82.71550967888295,3830,3135.6078642140883,2466.668378120367,78.66635385986362,0.013470901128682704,0.0105970667500019,75.0875,76.8875,,
31.147934999999592,1525,,-4.504591240019572,33.181159079713694,38.74507788784559,75.33163556381545,3827,2918.7300873388285,2447.530599754059,83.85601020016247,0.013556994581823785,0.011368354759369625,75.0875,76.8875,,
31.171299999999814,1525,,-4.421663592060788,33.1384370018563,39.90344884265888,65.86026052901086,3783,2628.051536783571,2374.82706962312,90.36455474269853,0.01395404213878836,0.012609508047324632,75.0875,76.8875,,
31.19395999999996,1525,,-4.222472430362781,33.02014092875128,40.82774989431497,58.37810555982304,3722,2383.446693100373,2231.277903244552,93.61559919521922,0.014798757644996148,0.013853945642811455,75.0875,76.8875,,
31.22044000000041,1525,,-3.9124744199757524,32.660581919716506,41.6344784978938,51.93779445921243,3566,2162.4029866401074,1980.8636251983612,91.6047396085122,0.016488051728672595,0.015103836852567326,75.0875,76.8875,,
31.24346499999985,1525,,-3.648669879978184,32.262204149059386,42.16973686230585,47.70532467293405,3407,2011.7209883884955,1765.1373301380304,87.74265120890384,0.018277447084831942,0.016037116645536052,75.0875,76.8875,,
31.265240000000222,1525,,-3.4196050186518203,31.805739124767253,42.55996445222745,44.650846996511135,3349,1900.3384609333605,1626.0019087473836,85.56380572062751,0.019560702206843843,0.01673688123385437,75.0875,76.8875,,
31.2916950000003,1525,,-3.1844099823383742,31.198643556059007,42.91576503556486,41.891418066632866,3262,1797.8022547542328,1475.0007616015016,82.04466079074645,0.02115161182844724,0.01735376817642494,75.0875,76.8875,,
31.31706000000052,1525,,-2.976899159754001,30.471392502588465,43.18436566461618,39.84437869329762,3195,1720.6542191708063,1350.4378713670176,78.48397756626557,0.022564083212316143,0.017709190006387696,75.0875,76.8875,,
31.340269999999553,1525,,-2.821929721101076,29.92828016698845,43.34407945198521,38.66125248072912,3140,1675.736399237983,1257.982121745151,75.07040619975793,0.023790703897659592,0.0178597780537547,75.0875,76.8875,,
31.363180000000632,1525,,-2.7038296747973134,29.18580722429754,43.49267633960376,37.53092732781412,3119,1632.3204749938093,1197.5135363758754,73.36264873969783,0.024372006109112325,0.017879949232645773,75.0875,76.8875,,
31.38956500000041,1525,,-2.606788310351218,28.290061427633493,43.6181840073528,36.59608019951344,3088,1596.2545600902176,1142.815093075324,71.59353662305178,0.02475471456323238,0.017722775636759707,75.0875,76.8875,,
31.41102500000037,1525,,-2.538889347660052,27.663316216705983,43.685254286683765,36.11924528152869,3063,1577.8784147666836,1104.1750484025874,69.97846209626098,0.025053379223454256,0.017531969483717463,75.0875,76.8875,,
31.432605000000446,1525,,-2.4967286198182257,26.97499262563944,43.74836179383617,35.65687267228745,3051,1559.9297661039811,1081.5313606826012,69.33205482601895,0.024941479837084297,0.01729244047506774,75.0875,76.8875,,
31.455159999999218,1525,,-2.4665787200969,26.310182296355585,43.77012849012198,35.53419646972678,3037,1555.3363452731799,1063.751439238188,68.39365918960442,0.024733392901632907,0.016916072447168626,75.0875,76.8875,,
31.47653000000026,1525,,-2.44863233291927,25.670183170626533,43.80132137364718,35.318984075933415,3031,1547.0181721006866,1053.600291742846,68.10523048427856,0.024364252147428125,0.016593330080776715,75.0875,76.8875,,
31.502424999999814,1525,,-2.4394840242020996,25.015316290081774,43.8395931867665,35.05516642901527,3020,1536.8042353424237,1046.0122316745642,68.06411692648,0.023914936682943637,0.016277490466772414,75.0875,76.8875,,
31.529419999999927,1525,,-2.44065821290015,24.40807139337961,43.86739484308303,34.86924450292146,3012,1529.622916489658,1043.8701254711893,68.24362489722459,0.023382287506659057,0.015956920578435018,75.0875,76.8875,,
31.55228500000015,1525,,-2.4477581936943236,23.93646616395635,43.87971134489716,34.79566643162856,3006,1526.823799073189,1044.6431164558571,68.41936293434614,0.02291353457165849,0.015677294379669898,75.0875,76.8875,,
31.574790000000036,1525,,-2.4592830408830637,23.50707833043606,43.88798771956337,34.76047978588826,3003,1525.5675099691946,1048.5199964896995,68.72983264509035,0.022419294252026208,0.015408743419627974,75.0875,76.8875,,
31.600330000000074,1525,,-2.474740533624146,23.075863030948447,43.880788531516465,34.846501403956275,3000,1529.091959170197,1053.9773566673532,68.92831725041066,0.021894078544451544,0.015091219918173653,75.0875,76.8875,,
31.62741000000015,1525,,-2.4966859999288338,22.69956382228378,43.87746659170486,34.90395930943665,2996,1531.4973085180325,1062.141912683934,69.35316874384358,0.021371498056153432,0.014821811109971342,75.0875,76.8875,,
31.64918500000052,1525,,-2.5162119938532346,22.396955835302442,43.88845058595525,34.83680192168724,2994,1528.9332597126813,1069.7535987822066,69.96731819302798,0.02093655572722433,0.014648746564327667,75.0875,76.8875,,
31.671514999999665,1525,,-2.534885691210655,22.125771085999038,43.88662577796557,34.87449784550323,2994,1530.5240361400668,1077.4888964360064,70.39999836614128,0.020534569923814635,0.014456336890859638,75.0875,76.8875,,
31.696669999999926,1525,,-2.555760916425077,21.863485711611233,43.89479942146887,34.822275712114816,2993,1528.5168077823669,1086.0617196275396,71.05330566846963,0.02013097903782966,0.014303726069804656,75.0875,76.8875,,
31.718355000000447,1525,,-2.571375832282862,21.667293143161057,43.89115576759292,34.85436272851897,2992,1529.7982636976112,1092.4451034017986,71.41105656384362,0.01983375922111839,0.014163497016129402,75.0875,76.8875,,
31.7415,1525,,-2.5889181048198973,21.487150114674414,43.90096253924641,34.77831517169901,2992,1526.8015115308633,1099.8190251608517,72.03418498440618,0.019536987107066868,0.014073309433084132,75.0875,76.8875,,
31.766455000000075,1525,,-2.6067003798152117,21.312510241516115,43.90437324212811,34.763279188008454,2991,1526.2599845906273,1106.8539216216407,72.52066704209116,0.01925503431409573,0.013963879323765766,75.0875,76.8875,,
31.78948000000045,1525,,-2.6211859673944082,21.174354232172984,43.90245667137903,34.78385577304006,2989,1527.0967209393884,1112.3782069234774,72.84268191206655,0.0190352113160642,0.013865758430250343,75.0875,76.8875,,
31.810459999999964,1525,,-2.6342589656475255,21.073455328357753,43.893625746578024,34.865556177013964,2988,1530.3756742801427,1117.5420728487406,73.02403531566911,0.018856968198646108,0.013770119116843825,75.0875,76.8875,,
31.83737000000011,1525,,-2.649943156261507,20.98168183292192,43.87651323149354,35.02804693009087,2987,1536.908564601509,1123.781977841496,73.1196379358372,0.018670598253606528,0.013651873843491836,75.0875,76.8875,,
31.859674999999815,1525,,-2.661789704902819,20.91338821524501,43.872303311556585,35.073564760962675,2986,1538.7580714104772,1128.3925564926706,73.33138181093979,0.018533787816049682,0.01359108270741683,75.0875,76.8875,,
31.88046499999985,1525,,-2.6718839297050923,20.840165436376147,43.85102000640934,35.26606417831281,2985,1546.452885830511,1132.5273699472782,73.23387478041809,0.01840146736351838,0.013476107566758551,75.0875,76.8875,,
31.90253500000015,1525,,-2.6811910989001775,20.772651902130953,43.85519992598519,35.2423178552742,2985,1545.5588953981678,1136.391593320802,73.5262562108993,0.018279483959775175,0.013440220210294536,75.0875,76.8875,,
31.92531500000041,1525,,-2.689624691465794,20.732200490981597,43.8615022735384,35.19694603717278,2985,1543.7909286310621,1139.9425972439815,73.84047775528852,0.018187056559782453,0.013429409453367902,75.0875,76.8875,,
31.999820000000298,1525,,-2.711843671710223,20.595485531619293,43.841299286782274,35.34400043827706,2986,1549.5269012066683,1149.7350423431574,74.19910176763116,0.017913245028737874,0.013291466908758345,75.0875,76.8875,,
32.02278500000015,1525,,-2.7171824066400534,20.570198367942805,43.84268552647156,35.331189660883325,2986,1549.0142375782311,1152.094804755614,74.3759984128247,0.017854605613212726,0.01327954118749921,75.0875,76.8875,,
32.04763999999967,1525,,-2.7219760931653023,20.551251021879267,43.83790662407056,35.38371781431693,2987,1551.1481175564877,1154.2555943211346,74.41298359949178,0.017804766225946955,0.013249057771641757,75.0875,76.8875,,
32.06974500000011,1525,,-2.7256344163143953,20.536794388140216,43.82607502875249,35.48412317853483,2987,1555.1298447519628,1155.8565722225694,74.32540608253352,0.017767597539070524,0.0132058390220244,75.0875,76.8875,,
32.092515000000596,1525,,-2.7300727185442795,20.512391253371835,43.826637935586135,35.48740602143177,2987,1555.2936949744292,1157.7045381915966,74.43639371344784,0.017718157419865876,0.013188757415819834,75.0875,76.8875,,
32.11993999999948,1525,,-2.7347450145244405,20.4952688978197,43.825703419003744,35.499598450488925,2987,1555.7948731848526,1159.7908508464527,74.54651450754919,0.01767152144963171,0.01317350330115437,75.0875,76.8875,,
32.14062999999989,1525,,-2.738495106292783,20.49855565357731,43.81924961006119,35.56547110871236,2987,1558.4522560120865,1161.2367080310955,74.51217729329589,0.017652349010162705,0.013153149590883798,75.0875,76.8875,,
32.162629999999886,1525,,-2.743318016779995,20.52099201699232,43.82573485407205,35.51002759836728,2986,1556.2530541868255,1163.1652517591226,74.74139559950298,0.0176423702358347,0.013186153731094179,75.0875,76.8875,,
32.18606500000041,1525,,-2.7484827813997237,20.541928229673033,43.81750480210476,35.57015711926448,2985,1558.5955303849921,1164.9543147222223,74.7438506021164,0.017633247905151674,0.013179768470527388,75.0875,76.8875,,
32.2086950000003,1525,,-2.7512761797990986,20.540597816659037,43.810613809296854,35.62049186892909,2985,1560.5556129668512,1166.0696642299624,74.72144244914722,0.017615240707100834,0.013162361947235105,75.0875,76.8875,,
32.23413999999966,1525,,-2.7534191229809064,20.525382936588603,43.80640662181612,35.664399018820625,2985,1562.3291653411563,1167.1106649195337,74.70325017357523,0.017586492483987127,0.01313768147706991,75.0875,76.8875,,
32.25649000000023,1525,,-2.7535994739373937,20.5153106576128,43.82073522556537,35.55775383527036,2986,1558.1669160312142,1167.4615157918938,74.92531793484098,0.017572579806793186,0.01316631128959346,75.0875,76.8875,,
32.278650000000376,1525,,-2.7558150470979754,20.507095106269794,43.79724539134409,35.74812216930861,2987,1565.669278928957,1168.681675706137,74.64422349179698,0.017547203428066985,0.013097973743406582,75.0875,76.8875,,
32.30066500000004,1525,,-2.758717842347382,20.49577560259428,43.79163509379882,35.79004491403611,2990,1567.3045868661395,1171.32138311758,74.73476393377136,0.01749799491241497,0.01307708519093665,75.0875,76.8875,,
32.323705000000075,1525,,-2.762704145260754,20.471215305556942,43.81642811283663,35.58750641859661,2992,1559.3174167055506,1173.6628937818957,75.26773453615064,0.01744215942585738,0.01312831825402651,75.0875,76.8875,,
32.349620000000115,1525,,-2.7661584049810393,20.47588263323875,43.82916866477288,35.50695664452345,2993,1556.2403915455964,1175.5714660973424,75.53919513230288,0.017417811867460945,0.01315727489433873,75.0875,76.8875,,
32.37269000000041,1525,,-2.769003037608766,20.49267222539161,43.83121865005616,35.50058916020894,2993,1556.0340856869316,1176.5500463679432,75.61209983703793,0.017417595017443843,0.013169809333800582,75.0875,76.8875,,
32.39473000000045,1525,,-2.7702677424694815,20.504955679812618,43.84286192739123,35.39651020049979,2992,1551.8843094320077,1176.8032889818642,75.8306068196911,0.017424284816158958,0.013212940910084636,75.0875,76.8875,,
32.41575,1525,,-2.7700720523148235,20.50672043373601,43.84618021884931,35.374104890951955,2990,1551.0193781291582,1176.1271760051375,75.82930249548421,0.017435801886144353,0.013221446954757745,75.0875,76.8875,,
32.43775,1525,,-2.771023311716285,20.49851332153203,43.85149695520003,35.3374182275365,2989,1549.5986878094468,1176.0456892027012,75.89356511815262,0.01743003142626965,0.013228272250610424,75.0875,77,,
32.46177499999944,1525,,-2.7716816208237827,20.503831976290467,43.84207556248854,35.43376987705148,2988,1553.4900164135213,1175.7320721708622,75.68327184266217,0.017439204442583893,0.013198560505478383,75.0875,77,,
32.484985000000336,1525,,-2.7731795881748824,20.523913809310564,43.83495718807693,35.506959379844524,2986,1556.4460442942711,1175.87361600667,75.54862697086546,0.017454183451288647,0.01318639594642459,75.0875,77,,
32.507354999999514,1525,,-2.774155519205353,20.535513316595413,43.82584700409437,35.60160877414075,2986,1560.2706592351162,1176.1690286328267,75.38237174884864,0.01745966167844582,0.013161507072537297,75.0875,77,,
32.53181500000041,1525,,-2.774897101175736,20.541016360231925,43.83530158952955,35.52966097326035,2986,1557.4534041366053,1176.4861372767052,75.5390905533322,0.017459633147722125,0.01318884809373742,75.0875,77,,
32.553855000000446,1525,,-2.7754708770683236,20.545274168404983,43.83003094924464,35.581126720035385,2986,1559.5218853481463,1176.7598917292755,75.45645256953715,0.01745918968925193,0.013174085186895904,75.0875,77,,
32.576754999999885,1525,,-2.7762608841196776,20.558591796656586,43.830285881493815,35.581142062934326,2986,1559.531628608456,1176.9600543135482,75.46881593954782,0.017467535725880865,0.013182542386139789,75.0875,77,,
32.604290000000034,1525,,-2.7771216038404023,20.573130625945158,43.80950855764665,35.77281975964839,2985,1567.1896533914676,1177.1234741632695,75.11046742912846,0.01747746186148321,0.013127403298907696,75.0875,77,,
32.63102499999944,1525,,-2.7778650111187657,20.56745076669639,43.82517470105198,35.65260005235427,2985,1562.481425841161,1177.3354836919798,75.35036668088146,0.017469490261347923,0.013163324969206538,75.0875,77,,
32.65312999999989,1525,,-2.778368146562069,20.563606657842186,43.835133149538166,35.57424188154153,2985,1559.4016295712502,1177.537611706475,75.51214449033462,0.01746322703700447,0.013186857232857997,75.0875,77,,
32.676269999999555,1525,,-2.7795112555488974,20.565039450250374,43.84788411699742,35.47195485464847,2985,1555.3701658699904,1177.8760639389066,75.72962949820155,0.017459425554059844,0.013221958284603843,75.0875,77,,
32.701290000000036,1525,,-2.778753096519748,20.572627097975413,43.853993782390006,35.43924916720578,2984,1554.1526126312124,1177.4210558657649,75.7596806321592,0.017472616949973124,0.013237198799380154,75.0875,77,,
32.72396499999985,1525,,-2.7776749310339333,20.57447702398866,43.851476140072805,35.46141939602399,2984,1555.035586537861,1176.9627408145434,75.68719011986981,0.01748099265211202,0.013230872143444497,75.0875,77,,
32.74645999999996,1525,,-2.7776601008298285,20.563908552595915,43.850779725752375,35.47095425353922,2984,1555.4290016341874,1176.9758683691673,75.66889052040278,0.01747181833140685,0.013220731085115914,75.0875,77,,
32.77195000000019,1525,,-2.7786773736010124,20.56067530697762,43.85591182344743,35.434467133841345,2985,1554.010866132592,1177.5221474512095,75.77309612909364,0.017460966956317523,0.013230715276879752,75.0875,77,,
32.796450000000185,1525,,-2.7788742928998724,20.568089683853287,43.8649298409767,35.368671434157996,2985,1551.4442910278972,1177.6291144576323,75.90534325131348,0.017465676953245256,0.013257382042526364,75.0875,77,,
32.81927999999933,1525,,-2.7792868723823774,20.57943568215556,43.86088906135632,35.41227481539795,2985,1553.2138570884317,1177.9541614935972,75.83979219073699,0.017470489391592018,0.013249582849288136,75.0875,77,,
32.84244000000041,1525,,-2.7796038453320175,20.56607703791767,43.86513552612383,35.38203955665283,2985,1552.0379603432507,1178.1390516484664,75.90916470805313,0.017456408909577663,0.013251014191282568,75.0875,77,,
32.867950000000185,1525,,-2.7782693360116877,20.53476024645742,43.849859635221215,35.52237371229554,2986,1557.6511011940313,1177.6974967302142,75.60727147609883,0.017436362311604284,0.013183157788490834,75.0875,77,,
32.89094000000041,1525,,-2.7771520483653664,20.50781228039088,43.84587265001807,35.56149158315547,2986,1559.2246311997244,1177.3707280358321,75.51001340518333,0.017418313358786634,0.013152570752176625,75.0875,77,,
32.91309999999963,1525,,-2.776804487847789,20.491108647301317,43.85324937660958,35.5018336793586,2986,1556.8707656678296,1177.3341831185246,75.62183124515795,0.017404666356517773,0.01316172742090865,75.0875,77,,
32.93914500000049,1525,,-2.7774571403062933,20.462594103523067,43.857813271839305,35.4678803268222,2987,1555.5436725217107,1177.7432471328432,75.71264426305623,0.01737441004509109,0.013154625270244524,75.0875,77,,
32.96509499999974,1525,,-2.7774891830960633,20.425960162906264,43.86183582399963,35.43728464254173,2987,1554.3443610395086,1177.9773376860364,75.78612353946028,0.01733985833974537,0.01314120646292683,75.0875,77,,
32.988054999999704,1525,,-2.7775125967926253,20.39919708511127,43.85058949302753,35.54486332928657,2988,1558.6632104383132,1178.4145349901894,75.60417972903886,0.017310714081849896,0.013087623386821833,75.0875,77,,
33.00902000000048,1525,,-2.7770583388429224,20.384540111561957,43.851372497662865,35.54405231405377,2989,1558.6554780999877,1178.6648249474629,75.6206128620716,0.01729460291009411,0.013078284712674837,75.0875,77,,
33.03248999999929,1525,,-2.7762177043976046,20.36610784951677,43.858150719481365,35.504339058575745,2990,1557.1546536265841,1178.7649690012495,75.699929114679,0.01727749668941441,0.013079052746677719,75.0875,77,,
33.05525499999989,1525,,-2.7758954564623113,20.344869735417653,43.86310652421679,35.46883568604691,2991,1555.7733179870174,1178.8504624362788,75.77263659217198,0.017258227725823506,0.013077014176937712,75.0875,77,,
33.0812349999994,1525,,-2.7748061900930705,20.3145919683491,43.86968645741539,35.43444670630507,2991,1554.4980667975988,1178.461615201454,75.80978325879731,0.017238229660010086,0.013068264542907361,75.0875,77,,
33.10411500000022,1525,,-2.7740150175833724,20.2926048101157,43.870664178904825,35.43522348578299,2991,1554.5667896492268,1178.1469208671235,75.78618871260984,0.017224171663734623,0.013053543241261789,75.0875,77,,
33.12651999999955,1525,,-2.7711525219536566,20.283785860025084,43.87993972701595,35.35925984966763,2991,1551.5621909953106,1176.936445990405,75.85493206916912,0.01723439352152618,0.013073137498286968,75.0875,77,,
33.1525,1525,,-2.767170458630185,20.269890261554835,43.888726180332064,35.29827348866988,2990,1549.1962597827069,1174.8835651083568,75.83826501576684,0.017252680064245678,0.013084133229445008,75.0875,77,,
33.17510000000056,1525,,-2.7645963407961847,20.248876424130387,43.88386121583349,35.35138914410204,2990,1551.3554549866967,1173.5658565767212,75.6477732298163,0.01725414582458639,0.01305237710612493,75.0875,77,,
33.19862999999989,1525,,-2.7627649376371672,20.2327672669718,43.879606351587,35.38912861785394,2990,1552.861032877113,1172.6737480780027,75.5169795139552,0.017253534753492217,0.013029348305227862,75.0875,77,,
33.225314999999476,1525,,-2.761063223785363,20.240735467948667,43.86985610603602,35.48008956646476,2989,1556.5064239100789,1171.8751151225838,75.28880685109748,0.0172720925692081,0.013003952413573846,75.0875,77,,
33.25119000000041,1525,,-2.7599075241650493,20.250457688268124,43.8737400916218,35.45370388869823,2989,1555.486589698067,1171.2123153618647,75.29555851646441,0.017290167993163068,0.0130187285588871,75.0875,77,,
33.274625,1525,,-2.759688083528956,20.249582731967276,43.88033843461545,35.400757232682025,2989,1553.397208211748,1170.9778478222229,75.38174020347562,0.017292882841146245,0.013035676017004274,75.0875,77,,0.2396599999992177,-2660,
33.29656999999936,1525,,-2.7603144017962444,20.24229255824066,43.88799597937633,35.344522109636586,2989,1551.2002442407081,1171.2482896745892,75.50593767782054,0.017282665628365296,0.013049438738419612,75.0875,77,,
33.3226950000003,1763,,-2.7601836243774254,20.244712365091466,43.8879418273141,35.352243249594586,2989,1551.537195203265,1171.2882793721485,75.49211730104219,0.01728414150608878,0.013048164380254662,75.0875,77,,
33.34563999999966,1763,,-2.759783613549187,20.25724933540668,43.890652752039855,35.342876102267766,2990,1551.2219022630024,1171.5203733333713,75.5224234278988,0.017291418738001087,0.013058898476004215,75.0875,77,,
33.36658999999985,1763,,-2.760806768268759,20.26534122322729,43.89496660356269,35.3131012038189,2990,1550.0673980098602,1172.135794882694,75.61837610336205,0.017289243543027726,0.013073845207792945,75.0875,77,,
33.389715000000784,1763,,-2.7629714829501544,20.26637856321794,43.890345160416885,35.36311536638707,2991,1552.0993393783708,1173.3414170319934,75.59705666145872,0.01727236273179756,0.01305739784112968,75.0875,77,,
33.41159499999974,1763,,-2.763969544865565,20.270855457975657,43.887393024445274,35.399074325737374,2992,1553.573087635186,1174.2268290553668,75.58233586826279,0.01726315134042969,0.013047893027570076,75.0875,77,,
33.43756000000052,1763,,-2.7810148052174775,20.28890226116073,43.36440033822863,39.67739360544005,2995,1720.586380683775,1182.5481873644203,68.72937044256192,0.017156934895295215,0.011791853340776622,75.0875,77,,
33.4635150000006,1763,,-2.832062020760501,20.319453052515197,42.94015307267545,43.009869450801446,3015,1846.8503778532017,1212.3559519269018,65.6445138417849,0.016760302962359974,0.011002219398051478,75.0875,77,,
33.485724999999626,1763,,-2.8677188604678623,20.34079299552034,42.272915244378325,48.480175122520166,3082,2049.3983339869137,1254.9874557646556,61.23687303498458,0.016207965188884562,0.009925251064271738,75.0875,77,,
33.508459999999964,1763,,-2.988852911928597,20.46015381025349,41.700673057079904,53.13119094659987,3144,2215.606422797445,1334.0282486635886,60.21052452895638,0.015337121856864871,0.009234561517663555,75.0875,77,,
33.534520000000484,1763,,-3.1979422071342802,20.76993383940717,40.88999943627984,59.84069924205476,3220,2446.8861582742106,1462.213301362483,59.75812550240516,0.014204448708033125,0.008488312285871203,75.0875,77,,
33.55758000000007,1763,,-3.3863478932379847,21.099455861433686,40.30870098161132,64.62357312842916,3333,2604.892285597143,1602.6092094561186,61.52305100357491,0.013165689886802945,0.00809993410403028,75.0875,77,,
33.58035000000056,1763,,-3.599170569221972,21.563233738803458,39.698706159103764,69.715328073191,3402,2767.608323963127,1738.6954074084908,62.82302999142358,0.012401961635674447,0.007791288077904605,75.0875,77,,
33.60577000000048,1763,,-3.825560606942286,22.178797248490323,39.233940661199576,73.56142326696809,3483,2886.104515409612,1891.9733977622695,65.55456975520342,0.01172257351753586,0.007684682633658049,75.0875,77,,
33.632459999999966,1763,,-4.058122545589007,23.027415494090796,38.83134173635496,76.85281284736236,3556,2984.2978390760586,2049.164171619601,68.6648679896516,0.011237467360114238,0.007716192128202628,75.0875,77,,
33.655359999999405,1763,,-4.221136644400398,23.721020491384092,38.58762482583354,78.81331159606438,3621,3041.218499150448,2170.4381512815835,71.36738619365516,0.010929139112937858,0.007799840918372178,75.0875,77,,
33.67743499999959,1763,,-4.353954801038076,24.384643605152487,38.356330703968986,80.69001018802737,3654,3094.9727152786045,2259.097932711687,72.99249914415891,0.010793973670668897,0.007878791139183734,75.0875,77,,
33.702419999999925,1763,,-4.479099130636176,25.121359549945716,38.16269933927865,82.22881704341613,3689,3138.073621852442,2346.047797584644,74.76076345843485,0.010707948736513052,0.008005344226154986,75.0875,77,,
33.744520000000485,1763,,-4.636888977181791,26.303547979129714,37.98123540482437,83.58937511755138,3733,3174.827733681888,2457.847580024014,77.41672261296574,0.010701862960465889,0.0082850315625236,75.0875,77,,
33.76857500000018,1763,,-4.692935738435293,26.9876649673296,37.9135556278069,84.07495728997739,3752,3187.580570119047,2500.004949280567,78.42954536478427,0.010795044615850026,0.008466504414136796,75.0875,77,,
33.7919450000003,1763,,-4.729896575583733,27.68287126892463,37.86258622042577,84.41997707368179,3762,3196.3586606786434,2526.2502383447736,79.03525563080602,0.01095808754364047,0.008660752502363757,75.0875,77,,
33.81768999999948,1763,,-4.753185842803949,28.36533248957587,37.82189542022182,84.6759092355555,3775,3202.603383719375,2547.304012588892,79.5385412236265,0.011135432735705322,0.008856960756918176,75.0875,77,,
33.84116500000004,1763,,-4.767401239768168,28.919405124087113,37.79877425269473,84.7823564010014,3783,3204.6691502129593,2560.686039598189,79.9048488181073,0.011293616115712887,0.009024146883357783,75.0875,77,,
33.86358999999985,1763,,-4.772775945868076,29.449987851156248,37.777426361786475,84.88521823169478,3787,3206.745080952024,2566.3527603927564,80.02983385354888,0.011475424698297985,0.00918376332003699,75.0875,77,,
33.8895549999997,1763,,-4.771665908314436,30.01650319870453,37.762620599008805,84.9311531006774,3793,3207.222911577211,2570.0062838698345,80.13182602907966,0.011679544671582135,0.009359032417220841,75.0875,77,,
33.91266500000004,1763,,-4.767792396103699,30.456688982106076,37.75182343129492,84.95983794211519,3799,3207.3888007421633,2571.8773799105697,80.1860185866914,0.0118422010396021,0.009495789526688704,75.0875,77,,
33.9367650000006,1763,,-4.7593455357283165,30.85727718708319,37.74251845717672,84.98456344796239,3802,3207.5314545098267,2569.1708193211243,80.09807092332143,0.012010597720877468,0.00962025708078326,75.0875,77,,
33.96199500000011,1763,,-4.746532698473097,31.292517348338553,37.74165321431023,84.89932090176889,3805,3204.2407276050017,2564.1205040799787,80.0227174565789,0.012203996379478464,0.00976596954116117,75.0875,77,,
33.984205000000074,1763,,-4.737302334541631,31.60606422370685,37.732929425723924,84.89570256513758,3806,3203.363553437586,2560.172567079238,79.92138651674024,0.012345286653768224,0.00986652426315765,75.0875,77,,
34.00663999999966,1763,,-4.727733369102462,31.880031107480388,37.72729909739596,84.88351814242155,3807,3202.425877398374,2555.5714795605645,79.80111257521723,0.012474717049574455,0.009954962996170729,75.0875,77,,
34.03377000000049,1763,,-4.7169139557845225,32.16047271341506,37.72099769992562,84.88535549899206,3809,3201.9602995348478,2550.6474530115,79.65893435287238,0.012608748682787899,0.010043994835940673,75.0875,77,,
34.055884999999776,1763,,-4.709370067100857,32.35601199038599,37.7294482351199,84.76604869112555,3810,3198.176246187474,2547.667305803936,79.66000337976978,0.012700250113770564,0.010117019669868846,75.0875,77,,
34.076519999999554,1763,,-4.701573669949742,32.536264683712226,37.72687492737872,84.74154347282052,3811,3197.033611752126,2543.884849658155,79.57016280050885,0.01278999113819339,0.010177016770831136,75.0875,76.8875,,
34.10295999999996,1763,,-4.692257086061474,32.71480057670462,37.729043846788954,84.66451608595884,3811,3194.31123967431,2539.24130693849,79.49260783984812,0.01288369108021016,0.010241582025688955,75.0875,76.8875,,
34.12924000000022,1763,,-4.683739695537411,32.87108963410307,37.72977046571946,84.60517668511017,3811,3192.1338965408463,2534.446544277482,79.39662390177095,0.012969730889894912,0.010297528455721674,75.0875,76.8875,,
34.15195999999996,1763,,-4.678144819031568,32.988048643411545,37.7335542950166,84.53708109666614,3811,3189.8845395032736,2531.5227636985774,79.36095279777068,0.013030911322012255,0.010341455383381501,75.0875,76.8875,,
34.174009999999775,1763,,-4.673445903032797,33.098934945221636,37.74540594407434,84.40257640801886,3811,3185.809509246424,2528.623633994149,79.37146356852557,0.01308970401931244,0.0103894896569164,75.0875,76.8875,,
34.199025000000375,1763,,-4.667109130074913,33.215510722312004,37.74772122436378,84.34544876760609,3810,3183.848486623452,2524.385442569325,79.28723534349137,0.013157860191312615,0.010432503576053598,75.0875,76.8875,,
34.22198500000034,1763,,-4.660959536747558,33.29505506056247,37.76106774429753,84.20266368184768,3809,3179.5824875405515,2520.4042142047683,79.26840156156268,0.013210204487405066,0.01047151794017982,75.0875,76.8875,,
34.2438599999994,1763,,-4.655110065445233,33.35522599925471,37.772735412832134,84.08171210131492,3808,3175.9962642608943,2517.0423015040246,79.2520548537163,0.013251754243193985,0.010502287541895774,75.0875,76.8875,,
34.271,1763,,-4.64848201642902,33.419194258489114,37.76957203555639,84.04318837364346,3809,3174.2752573761622,2513.622898443829,79.18730086821692,0.013295229876835846,0.01052813368369107,75.0875,76.8875,,
34.29198500000034,1763,,-4.643037176505556,33.45708112963731,37.77637710796364,83.94191462030581,3810,3171.0214218611586,2511.8733983207803,79.21338471584633,0.013319573013514057,0.010550884613702937,75.0875,76.8875,,
34.31329999999981,1763,,-4.636377003507011,33.45067021526597,37.78257670179432,83.84203808584502,3812,3167.7682348132,2509.197139153787,79.21025002960015,0.0133312244356165,0.01055969620745898,75.0875,76.8875,,
34.3351400000006,1763,,-4.630324471459867,33.444844200732646,37.78651499701185,83.7609613074913,3815,3165.034820609649,2507.7438343449753,79.23274075897633,0.01333662702812246,0.01056697511918384,75.0875,76.8875,,
34.358209999999964,1763,,-4.621350398691323,33.43007198599882,37.795887658669265,83.63930913611544,3816,3161.221931957329,2504.0516007955052,79.21150917882805,0.013350392609872145,0.010575047467578456,75.0875,76.8875,,
34.38429499999992,1763,,-4.611148386669308,33.420815631839126,37.81113579280319,83.46698770606405,3819,3155.9816063702224,2500.019561494968,79.2152766812322,0.01336822165177542,0.010589673768814289,75.0875,76.8875,,
34.40712000000011,1763,,-4.603404075089526,33.405564861857364,37.82043279065149,83.35445598369702,3819,3152.501600332731,2496.3992500470554,79.18788208651735,0.013381499317958734,0.010596525901313285,75.0875,76.8875,,
34.43390500000026,1763,,-4.594915731417286,33.35041896538867,37.826482518888774,83.25979746895118,3822,3149.4252734855013,2493.4238056863683,79.17075622267012,0.013375351149424137,0.01058936665243669,75.0875,76.8875,,
34.4560549999997,1763,,-4.586599948768262,33.30500910348147,37.83188891601963,83.18337620668345,3823,3146.9842483107186,2489.356448212576,79.10292050393475,0.013378963517818167,0.010583150875750137,75.0875,76.8875,,
34.48227000000048,1763,,-4.5764438679972805,33.27777698813315,37.8346372651809,83.1228536340489,3824,3144.923015690964,2484.4389613200706,78.99840310635457,0.013394483626376349,0.010581428169179449,75.0875,76.8875,,
34.505229999999514,1763,,-4.56850262216943,33.25763062363913,37.84259564836655,83.0214601579018,3823,3141.7475468924513,2480.032600552191,78.93799751686693,0.013410158647202523,0.010585710699936645,75.0875,76.8875,,
34.52792500000074,1763,,-4.560954996001444,33.22857307755564,37.84486423411033,82.96731683056069,3823,3139.8868413209866,2475.451729679591,78.83888352607447,0.01342323612258703,0.010582729492116343,75.0875,76.8875,,
34.55442000000086,1763,,-4.554729493198161,33.20247176360872,37.847319616071275,82.9183981720784,3822,3138.2391176713113,2471.3776397677034,78.75045677212628,0.013434803014050731,0.010579968740000341,75.0875,76.8875,,
34.576219999999736,1763,,-4.550557091116618,33.19416241927905,37.85196031758017,82.86461845185124,3820,3136.588249370895,2468.130129506512,78.6883688033182,0.013449113570813234,0.010582888087378634,75.0875,76.8875,,
34.59975499999989,1763,,-4.546911229437766,33.197869401616344,37.846653072295176,82.89465042910255,3819,3137.285076339429,2465.190160169708,78.57718059354943,0.013466656624708797,0.010581719095910621,75.0875,76.8875,,
34.62495500000007,1763,,-4.542760403747514,33.202752857878814,37.83744268958755,82.92376206476034,3816,3137.6230947303634,2461.3991056355135,78.44788973441177,0.013489382027424654,0.01058213553872765,75.0875,76.8875,,
34.64819999999926,1763,,-4.539593145584145,33.200080118703546,37.83190957586842,82.92213529184889,3813,3137.102724199155,2457.7178557650095,78.34355683690339,0.013508499375071438,0.01058303888572183,75.0875,76.8875,,
34.669075000000184,1763,,-4.537816691389746,33.19775066081385,37.8278893661051,82.92392965709593,3811,3136.8372368713062,2455.4984823578375,78.27943552490346,0.01351976020320585,0.01058319197139008,75.0875,76.8875,,
34.69197999999952,1763,,-4.537029279752929,33.20594929685315,37.8204958209845,82.95318439046939,3809,3137.330563577104,2453.5710478144147,78.20569105146879,0.013533722337664627,0.010584141079157618,75.0875,76.8875,,
34.71305500000064,1763,,-4.538343566517464,33.23243517364073,37.816126399708466,82.94937372986486,3808,3136.8240017452263,2453.4282671065175,78.21376863163219,0.013545305407617983,0.010594293831962294,75.0875,76.8875,,
34.73657500000019,1763,,-4.540782167551395,33.25963732322132,37.81035967652757,82.94166476751153,3805,3136.054177029585,2453.177577550201,78.22497441271271,0.013557778135423505,0.010605568477367397,75.0875,76.8875,,
34.760629999999885,1763,,-4.544678750619597,33.273619002321084,37.79448599173524,83.02159190945176,3804,3137.7583924333344,2454.39052000585,78.22114430239697,0.013556774576460545,0.010604264204203868,75.0875,76.8875,,
34.78459499999974,1763,,-4.548935116496911,33.29676136050245,37.775563242694766,83.14173166326137,3802,3140.7257425526877,2455.293194885258,78.17598211837718,0.013561216000543061,0.010601613795619047,75.0875,76.8875,,
34.80671999999974,1763,,-4.552169520481796,33.31434719256647,37.76334500131626,83.21232692610216,3800,3142.3758100727146,2456.29933403718,78.1669501834773,0.013562820593942404,0.010601643217141358,75.0875,76.8875,,
34.82950499999989,1763,,-4.555386041536974,33.33689859699978,37.756596328635524,83.2428881039258,3800,3142.9681233697024,2457.949185150757,78.20471250963534,0.013562891697842435,0.010606820460290876,75.0875,76.8875,,
34.85554000000004,1763,,-4.560642070486255,33.33074926524054,37.749195689295014,83.2939156969174,3801,3144.2783233705763,2461.191352978722,78.27523838094572,0.013542526559302721,0.010600444947097092,75.0875,76.8875,,
34.879139999999666,1763,,-4.565752229207165,33.31670964803055,37.742668603042546,83.34034859786696,3802,3145.487158391334,2464.4472767014863,78.34866755462625,0.01351893788234048,0.010591907698351371,75.0875,76.8875,,
34.900285000000146,1763,,-4.570606434919993,33.31425707248093,37.74388678847651,83.31204494171898,3803,3144.5203923967083,2467.6447636358803,78.47443984152626,0.01350042662680304,0.010594384171599943,75.0875,76.8875,,
34.92750999999978,1763,,-4.575636873144254,33.33887683953023,37.73944878616139,83.32201277356033,3803,3144.526833827665,2470.720196376267,78.57208180884851,0.013493586561694597,0.010602191872202469,75.0875,76.8875,,
34.94921499999985,1763,,-4.578271761894703,33.35643372871971,37.74191423148352,83.2870005438137,3804,3143.410831122138,2472.7199427557907,78.66359428026392,0.01348977421662427,0.010611541259088968,75.0875,76.8875,,
34.972410000000146,1763,,-4.579290036072594,33.35604329749399,37.738279122275316,83.30818931906137,3805,3143.9077016940932,2473.6293235304947,78.68008727474985,0.013484657131201243,0.010609739999529917,75.0875,76.8875,,
34.99852500000037,1763,,-4.580326818635159,33.35412130530991,37.73972550229369,83.2843798273417,3805,3143.129633312641,2474.770952065386,78.73588559111222,0.013477659933527722,0.010611754905621558,75.0875,76.8875,,
35.020139999999664,1763,,-4.581660782519642,33.36279619513271,37.74083274634428,83.26766543331775,3806,3142.591034297398,2475.978856118183,78.78781645769405,0.013474588489595825,0.010616334047612327,75.0875,76.8875,,
35.0425,1763,,-4.583305199312166,33.39089531670138,37.74770337264863,83.19333249112152,3806,3140.3572374569867,2477.0188772710317,78.87697768031269,0.013480274867137317,0.010632833398196703,75.0875,76.8875,,
35.06445999999996,1763,,-4.584794082900188,33.420383172574255,37.744139013466885,83.21229324461375,3806,3140.7763638540728,2477.2513646364173,78.87385403004504,0.013490913215211535,0.010640803196686002,75.0875,76.8875,,
35.087275000000375,1763,,-4.586854144440054,33.45453938843074,37.74699850325177,83.17685353517668,3805,3139.6765658975055,2477.8184023387657,78.9195431546134,0.013501610673669078,0.010655409462174156,75.0875,76.8875,,
35.11178000000026,1763,,-4.588504341737426,33.50547359438843,37.74266852722802,83.20690258530034,3803,3140.450543454343,2477.822225363171,78.90021482833757,0.013522145879322546,0.010669002148186684,75.0875,76.8875,,
35.13457500000018,1763,,-4.590163053771584,33.55685894717792,37.73808838778536,83.23436049043555,3801,3141.1056530888463,2477.395668608148,78.87017955515024,0.013545215797535832,0.010683136020649086,75.0875,76.8875,,
35.15726499999966,1763,,-4.592446956791524,33.61548247802072,37.73417071990543,83.25785716228312,3801,3141.666195935092,2478.117507257718,78.87908366789827,0.013564926755720949,0.010699889925134246,75.0875,76.8875,,
35.1835,1763,,-4.59649219253796,33.68074915475609,37.73285862677326,83.24317063445477,3800,3141.002789194245,2479.6094966793867,78.94324402416325,0.013583086046355391,0.010722928763586404,75.0875,76.8875,,
35.20584500000067,1763,,-4.599437643996889,33.72827168255413,37.72597370850971,83.29105979451032,3798,3142.2363319616065,2480.4764224701366,78.93984285140155,0.013597497390830448,0.010733843072044983,75.0875,76.8875,,
35.22872499999963,1763,,-4.601915441210501,33.79367158939515,37.716608898475386,83.36641294685607,3798,3144.2983923853653,2481.238971855121,78.9123251744811,0.013619676287822052,0.010747603239957833,75.0875,76.8875,,
35.25383499999996,1763,,-4.602220480269831,33.85137907156011,37.711147915809484,83.40092126058731,3797,3145.144477972788,2481.0978140255675,78.88660859308969,0.013643710006191346,0.01076306011016038,75.0875,76.8875,,
35.27483499999996,1763,,-4.601649045285117,33.88331826232901,37.71256205458946,83.3766010870306,3797,3144.3452423953922,2480.75106386559,78.89563240122227,0.01365849188008848,0.010775953545265397,75.0875,76.8875,,
35.29639500000049,1763,,-4.600287987873087,33.881049433403234,37.71720772757042,83.31200535401373,3797,3142.296212137795,2480.27135511406,78.93181252402235,0.013660218815793705,0.010782258306053514,75.0875,76.8875,,
35.31735000000056,1763,,-4.599152810641348,33.8791571378127,37.68274751315479,83.5788883846652,3799,3149.4821484294844,2480.6718581866567,78.76443622402066,0.013657250565408511,0.010757056411545887,75.0875,76.8875,,
35.33850499999989,1763,,-4.600296214095504,33.8878847505787,37.65123095946475,83.8185327683425,3801,3155.8709359443274,2482.4074302146305,78.65997946686697,0.013651217901667628,0.010738045198429025,75.0875,76.8875,,
35.36146999999974,1763,,-4.60182072230228,33.903757782764316,37.659513966120116,83.72349075543353,3805,3152.9859693965773,2485.766896235585,78.83850167310813,0.013639154111396266,0.01075290474231094,75.0875,76.8875,,
35.38375,1763,,-4.601533989090419,33.90311258394266,37.66888295074304,83.62852992447888,3807,3150.1933050679067,2487.177957993286,78.95318531697761,0.013631156739301634,0.010762232441228502,75.0875,76.8875,,
35.4093200000003,1763,,-4.598789668585492,33.88519860545368,37.68940554560754,83.4258873600224,3809,3144.2721017140584,2487.276035780795,79.10498695150746,0.013623416990312689,0.010776802232536303,75.0875,76.8875,,
35.43600499999989,1763,,-4.595476037964475,33.87285801231647,37.70154345852809,83.30516533871236,3811,3140.733311337332,2486.4050432851222,79.1663855797551,0.013623226072435289,0.010785015680905848,75.0875,76.8875,,
35.4586799999997,1763,,-4.593156556391734,33.86421982005783,37.70944150168161,83.22842453366685,3811,3138.4974062294327,2485.278232935841,79.18688184998807,0.013625927017456825,0.01078994672827914,75.0875,76.8875,,0.2587949999989942,3028,
35.479450000000185,1763,,-4.5899608914913825,33.86531125639634,37.70834445853698,83.22748798920769,3811,3138.3707855157927,2483.30700752888,79.12726625514861,0.013637182657530311,0.010790729831124961,75.0875,76.8875,,
35.502620000000114,1525,,-4.585391111246958,33.86301635434368,37.70987801930744,83.20650193547444,3809,3137.7070384000094,2479.7453890965407,79.03049452191755,0.013655844064975225,0.01079228109569185,75.0875,76.8875,,
35.525419999999926,1525,,-4.579992741582145,33.8691304463915,37.715375402543266,83.14844458830838,3808,3135.9748017856177,2475.9879493930875,78.9543317753467,0.013679036868775344,0.01080019215304488,75.0875,76.8875,,
35.55147500000056,1525,,-4.575133210548354,33.90020246595726,37.71067164984601,83.17508697990564,3804,3136.588394546604,2471.2356073076285,78.78737330037362,0.013717915995428287,0.010807985684349748,75.0875,76.8875,,
35.575694999999364,1525,,-4.573006284677045,33.93013207868213,37.706348250045735,83.19277444226529,3802,3136.8957250075596,2468.5814666826873,78.69504386145123,0.013744789279439052,0.010816467952118606,75.0875,76.8875,,
35.59764499999955,1525,,-4.53906612254208,33.94377806488808,37.702634968555465,83.2079689318548,3799,3137.1596791126253,2448.5320368039957,78.04932764839646,0.01386290951258861,0.010819907667081005,75.0875,76.8875,,
35.623924999999815,1525,,-4.360501617294009,33.88514338053702,39.11703095114797,71.75295175563032,3724,2806.7624346612183,2305.3402356451243,82.13521056061103,0.014698543345839202,0.012072679526447711,75.0875,76.8875,,
35.64468000000063,1525,,-4.23856007640577,33.845101807048884,39.98445955130837,64.81772435105395,3565,2591.7016775225725,2145.122820896098,82.76889425586347,0.01577769882328254,0.013059026855051342,75.0875,76.8875,,
35.6655700000003,1525,,-4.025871064858363,33.54804336962876,40.72348132769355,58.925668619275214,3499,2399.658365738912,1999.8139439253275,83.33744388274775,0.01677558228430946,0.01398034147219057,75.0875,76.8875,,
35.68991999999992,1525,,-3.775036509365204,33.08223519955476,41.386518512481686,53.690821451353315,3380,2222.0761759467828,1811.8593793695327,81.53903088392256,0.018258721165803876,0.014887984290394127,75.0875,76.8875,,
35.7104849999994,1525,,-3.553640437183808,32.48727777901015,41.844225621184435,50.088841554716524,3311,2095.928787119317,1670.383264014348,79.6965657554689,0.01944899621475799,0.015500182057073257,75.0875,76.8875,,
35.733004999999885,1525,,-3.341586590533882,31.838362790687246,42.217717771607525,47.179114655246806,3231,1991.794547229522,1533.135084487721,76.9725515425388,0.020766834646749773,0.015984762502223273,75.0875,76.8875,,
35.755125,1525,,-3.140307683782782,31.035557018468637,42.53908297938656,44.69638145951396,3190,1901.3430797845795,1422.1892745927319,74.79919272401196,0.02182238157249231,0.01632296524937779,75.0875,76.8875,,
35.781235000000336,1525,,-2.9572452592966165,30.037625173836865,42.827336911053635,42.47704339092518,3142,1819.1786482885968,1319.101553138199,72.51083088398997,0.022771275723522628,0.016511641230010553,75.0875,76.8875,,
35.80822499999963,1525,,-2.803639620562717,29.051733772311195,43.06139206033015,40.65485833754857,3098,1750.6547940303608,1233.3160044643287,70.44884055211057,0.02355579078447892,0.01659478149054631,75.0875,76.8875,,
35.831084999999966,1525,,-2.7023203865583065,28.291990380542142,43.2067634453979,39.53316330657062,3066,1708.100035235281,1176.4698339440906,68.87593288890945,0.024048207241909324,0.01656342708092333,75.0875,76.8875,,
35.8529299999997,1525,,-2.6270990997906147,27.624145174650362,43.32608401736056,38.611901413750076,3051,1672.9024847221785,1138.0083991608697,68.02598534904205,0.02427411361376551,0.01651270497050995,75.0875,76.8875,,
35.87790500000026,1525,,-2.5644626463897042,26.913196651398792,43.413490571199425,37.958596768438284,3034,1647.9151829025564,1104.7757762215126,67.04081543053782,0.024360777300390928,0.016331663747399437,75.0875,76.8875,,
35.9015700000003,1525,,-2.5260611294510826,26.291686555060604,43.48276314472337,37.441191603685596,3019,1628.046466359266,1082.8492199782993,66.5121814612473,0.024280099269580212,0.016149223685154163,75.0875,76.8875,,
35.92320999999996,1525,,-2.501673021483435,25.707839460128536,43.54010922705678,37.01280097756142,3011,1611.541397362338,1069.5088308065067,66.36558220328726,0.024037052074401755,0.01595232955368406,75.0875,76.8875,,
35.948040000000034,1525,,-2.4879600990756376,25.128892243899994,43.58607494074661,36.67901714921316,3004,1598.6943902185349,1061.1089032610141,66.37346760915105,0.023681727828947192,0.015718383949833575,75.0875,76.8875,,
35.96870000000018,1525,,-2.478120423647197,24.713470021817802,43.61739926500751,36.455779266521716,2999,1590.1062797848604,1055.1189501833023,66.35524704210707,0.023422449210607404,0.015542024037010601,75.0875,76.8875,,
35.990270000000486,1525,,-2.483394398534211,24.2513995236182,43.651240729039834,36.20061094423388,2996,1580.2015828650672,1056.4619788206476,66.85615242234942,0.02295529797550366,0.015347029003507219,75.0875,76.8875,,
36.01313000000082,1525,,-2.4932293817416777,23.78434657206529,43.67286749905816,36.04475339517861,2994,1574.177739063862,1059.9177998389832,67.33152003974463,0.022439802950453773,0.015109060420463989,75.0875,76.8875,,
36.034794999999924,1525,,-2.505039277923112,23.376500638488647,43.69738788492421,35.873315611196965,2994,1567.5701869807808,1064.7172405422968,67.92150357190678,0.02195559510859634,0.014912570315918654,75.0875,76.8875,,
36.061864999999294,1525,,-2.5227162610589664,22.93237473102963,43.71381339212409,35.76256947139091,2993,1563.318288295256,1072.0526566300264,68.57545674841829,0.021391089877168007,0.01466903758673263,75.0875,76.8875,,
36.086680000000634,1525,,-2.543257631041422,22.505135369755788,43.731088090026134,35.63150134029321,2993,1558.2043238922467,1080.716235267463,69.35651626019983,0.02082427804389009,0.014442993787579853,75.0875,76.8875,,
36.11025,1525,,-2.5602509176255337,22.144221784517537,43.74452318239129,35.54367355096831,2993,1554.8410516376814,1087.8497619754885,69.96533573831738,0.020355955903602518,0.014242112890699338,75.0875,76.8875,,
36.13286499999929,1525,,-2.5774812933220503,21.82135683569182,43.755728943293406,35.47041933127354,2993,1552.0340537641596,1095.1430392358943,70.56179190010914,0.01992557689168811,0.014059844101209197,75.0875,76.8875,,
36.15952500000037,1525,,-2.594687234579105,21.5182054152497,43.764058175426655,35.427732669499306,2993,1550.4613535714311,1102.5073752260034,71.1083428610728,0.019517516071798316,0.013878582246299334,75.0875,76.8875,,
36.18177500000037,1525,,-2.6089611917930857,21.30104745486208,43.77388306245895,35.375087419896474,2992,1548.5049400428109,1108.2541641691812,71.56930116984591,0.019220363111227937,0.013755879561012686,75.0875,76.8875,,
36.20493499999959,1525,,-2.6212514126851096,21.098647279409263,43.782496780586996,35.32892118144444,2992,1546.788377888203,1113.3642592126785,71.97909391669538,0.018950354391948317,0.013640293385327082,75.0875,76.8875,,
36.23193499999959,1525,,-2.635325346457744,20.88580514417957,43.7774922859505,35.39567906865505,2992,1549.534067384026,1119.3737417789587,72.23937603829013,0.018658473362960004,0.013478764735672878,75.0875,76.8875,,
36.25811499999929,1525,,-2.6478766671857796,20.700302283056512,43.77671929581152,35.40763141741439,2992,1550.0299414897067,1124.839035809088,72.56885855559828,0.018402901770000316,0.01335477575559722,75.0875,76.8875,,
36.280410000000145,1525,,-2.65667025038789,20.570337088248642,43.77516078612074,35.43298006373588,2992,1551.084399421449,1128.6069664572965,72.76244715492363,0.018226307031241392,0.01326190702190115,75.0875,76.8875,,
36.301919999999924,1525,,-2.6632679778659134,20.465512308897047,43.77728848243581,35.4279082596518,2992,1550.9377602120471,1131.5253048258924,72.9574928055906,0.01808665897405279,0.013195572919766273,75.0875,76.8875,,
36.32387999999989,1525,,-2.669868150240225,20.370536329898332,43.78486113685694,35.37580730681161,2993,1548.9248105329555,1134.3860870178057,73.23700151897529,0.017957322081982297,0.01315140424594866,75.0875,76.8875,,
36.34508999999985,1525,,-2.677067233002239,20.303857970661976,43.79362937512273,35.312288844619964,2992,1546.4532900485674,1137.3987342911983,73.54885799722263,0.017851134662388114,0.013129305683732821,75.0875,76.8875,,
36.36846499999985,1525,,-2.6847366698704533,20.24964924133891,43.79451361327947,35.31658681393605,2992,1546.6727419974884,1140.4652622707224,73.73668852519121,0.017755603709507874,0.01309239420304712,75.0875,76.8875,,
36.392530000000264,1525,,-2.691290330668451,20.222289167093717,43.79546967310961,35.30673755074497,2992,1546.2751536600915,1143.0911915116405,73.92547107841064,0.017690880060366367,0.013078066422542453,75.0875,76.8875,,
36.41691000000015,1525,,-2.696900698661993,20.1925757749025,43.80825909490767,35.217658703289516,2991,1542.8243171897373,1145.423472204273,74.24198980028186,0.01762891739597719,0.0130880590550215,75.0875,76.8875,,
36.44015500000026,1525,,-2.7008480886108472,20.172098152423974,43.812672356015185,35.19035149907609,2990,1541.7833403220284,1146.6602581228067,74.3723341752614,0.017592044382394173,0.013083614036334497,75.0875,76.8875,,
36.46136500000022,1525,,-2.7041087790779508,20.167367230663277,43.822737682153786,35.1120848622382,2990,1538.7076843913874,1147.8503308266322,74.59833615379955,0.017569683685275946,0.013106691696701426,75.0875,76.8875,,
36.48437000000011,1525,,-2.708211973297719,20.16665300168532,43.81816745813445,35.16235681968157,2989,1540.7500393474827,1149.46769526211,74.60442420296266,0.017544340815151632,0.013088854445349242,75.0875,76.8875,,
36.506105000000446,1525,,-2.7117239665636252,20.166009861769044,43.82266640590051,35.12658708234087,2989,1539.3407076872381,1150.9218657184085,74.76719481079634,0.01752161503090513,0.013100420044154616,75.0875,76.8875,,
36.526924999999814,1525,,-2.7152060274696863,20.16002053502733,43.82397833809423,35.13362816132184,2989,1539.6953594804256,1152.288048763546,74.83870375191549,0.017495643174169764,0.013093512564609134,75.0875,76.8875,,
36.55030999999959,1525,,-2.7194756958927835,20.154319333058915,43.8220165394476,35.15976548650309,2989,1540.7718246726374,1154.0305633616836,74.89951106854362,0.017464285585599666,0.013080664515228291,75.0875,76.775,,
36.574139999999666,1525,,-2.7246282882510804,20.145840527273347,43.82355953977159,35.16020819610969,2990,1540.8454773129781,1156.5256697199152,75.05786185236019,0.017419276592582873,0.013074536560541368,75.0875,76.775,,
36.59611000000034,1525,,-2.7284590515048937,20.142464880149678,43.83049012540107,35.116677336914464,2991,1539.181179252525,1158.4985787931207,75.26720014571151,0.017386697963094028,0.013086480754612329,75.0875,76.775,,
36.618435000000524,1525,,-2.7320030096678813,20.13230740477864,43.829772236829456,35.13941768737327,2991,1540.1526737723868,1160.1134984187458,75.32457776261955,0.01735373946792216,0.013071630980237427,75.0875,76.775,,
36.64347999999951,1525,,-2.73427684982757,20.121136765040237,43.83283083201101,35.13428178878066,2992,1540.035030051828,1161.4952584844461,75.42005446755049,0.017323477317759267,0.013065376028727791,75.0875,76.775,,
36.66561500000022,1525,,-2.736008382909277,20.11263030421076,43.84370004056599,35.06094597205175,2993,1537.2015983371273,1162.5202068659842,75.62574799060475,0.017300886630118896,0.013083924923033948,75.0875,76.775,,
36.68846499999985,1525,,-2.736773010353115,20.11221343797175,43.84875508695615,35.042727901229256,2993,1536.5799933198466,1163.04439976925,75.69045574102805,0.01729273056296221,0.01308894657317414,75.0875,76.775,,
36.715395000000484,1525,,-2.737358847028324,20.103430960417967,43.85470873377997,35.009748061106094,2994,1535.3423040628259,1163.5357741319522,75.78347649595804,0.01727787955244951,0.013093777789630513,75.0875,76.775,,
36.73717000000086,1525,,-2.7367599268084914,20.09229642518527,43.866103069075784,34.93096516239144,2995,1532.2853181157584,1163.7344770476016,75.94763607593907,0.017265361490500394,0.013112633912000569,75.0875,76.775,,
36.76043500000052,1525,,-2.7355403441614197,20.061321211091293,43.8724613118071,34.902271865963705,2995,1531.2485721336661,1163.3953565927102,75.97691046148155,0.017243769366456652,0.013101283211737157,75.0875,76.775,,
36.78669000000041,1525,,-2.7343812142314645,20.02757712925407,43.87287949662652,34.914760527496654,2996,1531.8110812764328,1163.2975563404402,75.94262572973972,0.017216211811067347,0.013074443300518119,75.0875,76.775,,
36.8081799999997,1525,,-2.733912510318259,20.001009812707025,43.86845010823559,34.96061873354161,2997,1533.6681586654167,1163.471385894705,75.86200308853948,0.01719080508140415,0.013041289081799618,75.0875,76.775,,
36.83051999999955,1525,,-2.7345335181150854,19.981428939662035,43.8650953335038,34.98596947209097,2998,1534.6628862283242,1163.9492056879199,75.84396652404284,0.01716692519056497,0.01302007699473957,75.0875,76.775,,
36.8524299999997,1525,,-2.7343151321116377,19.96517619889997,43.875533014420725,34.91366112471869,2998,1531.8554913318924,1164.0036219442534,75.98651625632094,0.017152159858018164,0.013033328738823126,75.0875,76.775,,
36.87437999999989,1525,,-2.733900674182702,19.957346971082355,43.87503407111633,34.925313318338695,2998,1532.3493117865232,1163.680665870493,75.94095268746459,0.017150192107173348,0.013024019273917801,75.0875,76.775,,
36.900125,1525,,-2.7324993291932795,19.967469376248136,43.86581243396106,35.01617105829085,2997,1536.0127917984823,1162.711193906759,75.69671295154821,0.017173197850754832,0.012999546281687332,75.0875,76.775,,
36.92263499999978,1525,,-2.7322990438420347,19.979868085805364,43.87419291282276,34.956978047067956,2996,1533.7091984863696,1162.068058581325,75.76847421454991,0.017193371711978017,0.01302715541220178,75.0875,76.775,,
36.94357500000019,1525,,-2.731708736430697,19.990697533688788,43.87385443175592,34.97217751907303,2995,1534.3642256333371,1161.4799078194055,75.69779641727395,0.017211401935673495,0.01302865199782487,75.0875,76.775,,
36.9665,1525,,-2.7325830736664654,19.99309271973464,43.88083420863453,34.91367331999258,2994,1532.0411105690214,1161.5133134781272,75.81476146202924,0.017212969053161987,0.013049971428187673,75.0875,76.775,,
36.987365000000224,1525,,-2.73303708233966,19.987818742133825,43.88094768738822,34.91775076629248,2993,1532.2239947369403,1161.570501034001,75.80944463889726,0.017207581222440798,0.01304497176051954,75.0875,76.775,,
37.010790000000036,1525,,-2.7334545732728617,19.977983552665123,43.86937566609749,35.02445084410885,2993,1536.5007915789763,1161.6646372883472,75.60455833508351,0.01719772033286592,0.013002260501366132,75.0875,76.775,,
37.03448500000034,1525,,-2.7348532284134515,19.971429597664283,43.87028134502714,35.022906480558284,2993,1536.4647608226662,1162.1390925727487,75.63721096671992,0.017185059624361697,0.012998299802835062,75.0875,76.775,,
37.05860000000056,1525,,-2.735831763109382,19.964962488426274,43.855624793521045,35.15646836528016,2992,1541.808885693019,1162.3105057734263,75.38615950127866,0.01717696122443732,0.012949051386127104,75.0875,76.775,,
37.081484999999404,1525,,-2.7378346254721757,19.961917849256796,43.86412094574877,35.09538131473948,2991,1539.428050626904,1162.7043283363573,75.52833195827938,0.017168524587690394,0.012967100242929618,75.0875,76.775,,
37.10350999999978,1525,,-2.7393255460092543,19.963290191289015,43.859400450481075,35.145411361642424,2991,1541.4566709071623,1163.141686458663,75.4573066120725,0.01716324883176517,0.012950925295577998,75.0875,76.775,,
37.12478500000015,1525,,-2.741096729724763,19.97059595993732,43.8489977891057,35.23939788507137,2989,1545.2122799519107,1163.201500565507,75.27777999549082,0.01716864700589565,0.01292417632130055,75.0875,76.775,,
37.145644999999554,1525,,-2.743100132633799,19.99493754234807,43.8449625626558,35.28227209324636,2987,1546.9498990538223,1163.5325482152716,75.21462388193281,0.017184682605585946,0.0129253943870954,75.0875,76.775,,
37.16848000000045,1525,,-2.7463526501694577,20.016302718042937,43.839383141753544,35.32397563800052,2986,1548.581302084273,1164.424063834089,75.19295643482604,0.01718987380949122,0.012925574324772302,75.0875,76.775,,
37.1927349999994,1525,,-2.7503803721181073,20.03467302844763,43.83270186894809,35.3749925357027,2986,1550.5815014337206,1165.9489210329161,75.19430097385012,0.017183148135425076,0.01292074812573405,75.0875,76.775,,
37.21790499999933,1525,,-2.755896971814199,20.045118817717622,43.83480489918283,35.36921305485358,2986,1550.402553697137,1168.470843679398,75.36564235482115,0.017155001278934393,0.012928976909846688,75.0875,76.775,,
37.24090999999922,1525,,-2.7602282592430476,20.053162800786623,43.83657777111726,35.36689774275594,2987,1550.3637634234722,1170.5370668889152,75.50080145734097,0.017131591444672876,0.01293448884312528,75.0875,76.775,,
37.26379999999981,1525,,-2.76249231179261,20.046946465721703,43.84794460277322,35.27975787187758,2987,1546.9448687653405,1171.570239821867,75.73445333943476,0.01711117761814244,0.01295905682903989,75.0875,76.775,,
37.28852500000037,1525,,-2.7636737023327296,20.033880010521113,43.846699513841386,35.29519134652723,2988,1547.5776492547143,1172.3748640113695,75.75547918878024,0.017088288588833843,0.01294531490563273,75.0875,76.775,,
37.31090500000026,1525,,-2.7645983605106386,20.023653075187536,43.84697577370081,35.30206994244177,2989,1547.889005527736,1173.3496434870292,75.80321581824198,0.01706537619569225,0.01293610394781549,75.0875,76.775,,
37.33391999999993,1525,,-2.764057689956863,20.015000959107105,43.85161289180772,35.27096756450925,2990,1546.6888159583657,1173.3591055393847,75.86264886853424,0.017057864778665822,0.01294054806150863,75.0875,76.775,,
37.36152000000048,1525,,-2.7620992037152043,20.013973221955542,43.858359038466034,35.22700934411537,2990,1544.99882366561,1172.7443743763265,75.9058425425797,0.017065929847328503,0.012954037838340286,75.0875,76.775,,
37.38604000000004,1525,,-2.7614019755116685,20.013990244226093,43.861678307346196,35.19926928864396,2990,1543.899026192152,1172.263585330374,75.92877289531211,0.017072943742925898,0.012963276681110605,74.975,76.6625,,
37.40894000000041,1525,,-2.7609132257168243,20.010065973667174,43.85041322652619,35.298410278815545,2989,1547.8498769655214,1171.7760987320773,75.70347203368864,0.017076697498198765,0.012927652914826507,74.975,76.6625,,
37.4305549999997,1525,,-2.760251107007535,20.022547163307962,43.84363460327201,35.35901545040677,2989,1550.267753339084,1171.4214218754655,75.56252262567995,0.0170925226305419,0.012915541280002687,74.975,76.6625,,
37.4556400000006,1525,,-2.7601024667326945,20.045922924035096,43.84078695659187,35.37407927722026,2989,1550.8274733782048,1171.253674836656,75.52443420964718,0.01711492852035723,0.01292595293038534,74.975,76.6625,,
37.47791000000015,1525,,-2.7599883080919043,20.063875965866576,43.84494594885923,35.33300695970701,2988,1549.1737803590208,1171.0202053137784,75.58998352285529,0.017133671882707095,0.012951339752998385,74.975,76.6625,,
37.50149499999918,1525,,-2.7599023150973063,20.065274613706332,43.83053575384343,35.452411939584145,2988,1553.8982090779284,1170.9232557609948,75.35392272932806,0.01713628499133849,0.012912862951050647,74.975,76.6625,,
37.52779499999993,1525,,-2.75937360505587,20.071057884626445,43.822614473002254,35.51875167527412,2988,1556.5245612278406,1170.6434099234848,75.208797797578,0.017145321721785733,0.012894790345482052,74.975,76.6625,,
37.54888499999978,1525,,-2.759160784667148,20.080425488890697,43.834527143288035,35.41618391342363,2988,1552.4516750646492,1170.6525248351415,75.40669662302962,0.01715319026174615,0.012934654141845981,74.975,76.6625,,
37.569804999999704,1525,,-2.7593793608031842,20.09790649215142,43.838624364485135,35.37915608574055,2989,1550.973533975268,1170.8604499038947,75.49196838342473,0.01716507419291605,0.012958252382707584,74.975,76.6625,,
37.592745000000114,1525,,-2.759273118584989,20.106434560455106,43.82110475428153,35.52582220592534,2989,1556.780776367835,1171.1272065417709,75.22749665975178,0.01716844630382,0.012915392369737468,74.975,76.6625,,
37.61514499999955,1525,,-2.760465323086596,20.109978583099103,43.80497399330769,35.654629444526314,2990,1561.850115558498,1172.0248624749293,75.04080262246086,0.017158320806124772,0.012875741649452726,74.975,76.6625,,0.20712000000011177,-3335,
37.639799999999816,1525,,-2.7617908156138213,20.12048139267074,43.80981541296252,35.61780737983366,2993,1560.4095667249667,1173.492682955879,75.20414562817888,0.01714580898961364,0.012894359161678429,74.975,76.6625,,
37.66211000000033,1763,,-2.7628315351433193,20.128727745487748,43.819376992512346,35.539993799247476,2994,1557.3403866007764,1174.5398991018164,75.41960057078448,0.01713754276111046,0.012925066298076902,74.975,76.6625,,
37.685964999999854,1763,,-2.7621033209203163,20.141983804501983,43.825461215708636,35.49201528915835,2995,1555.4539395223474,1174.3952560489083,75.5017700112383,0.017150941048814282,0.012949264065438821,74.975,76.6625,,
37.71078000000026,1763,,-2.760002896082577,20.129718154783664,43.83756302816223,35.391947779224104,2994,1551.4967414611629,1173.1631458119195,75.61492811819008,0.01715849856573217,0.012974386356639054,74.975,76.6625,,
37.737625,1763,,-2.7574417989674767,20.101750748916775,43.8347820195099,35.41849320234167,2992,1552.5619289841404,1171.5382200911413,75.45838901625602,0.01715842505535409,0.012947471127331833,74.975,76.6625,,
37.75969499999937,1763,,-2.758594889262213,20.090089615428095,43.367819854138595,39.188922225251346,3003,1699.5381193425485,1176.0393376997872,69.19758517418414,0.017082838108733896,0.011820911450459125,74.975,76.6625,,
37.7817349999994,1763,,-2.7911119995436873,20.09111099563872,42.99349596869001,42.16781526415787,3009,1812.9417955680367,1192.585557528883,65.78178959988169,0.016846683132125832,0.011082049652533775,74.975,76.6625,,
37.806695000000296,1763,,-2.874072938861652,20.135959781458016,42.21145724222863,48.5425525931056,3069,2049.0518832125117,1252.4996502806243,61.12581436039337,0.016076619084840885,0.00982696433722741,74.975,76.6625,,
37.830004999999886,1763,,-2.9841176920840904,20.214106105205865,41.36580625370871,55.35313829441749,3151,2289.7271942216184,1335.0676218139722,58.306842194265066,0.015140885581316639,0.008828172262712524,74.975,76.6625,,
37.854150000000374,1763,,-3.1579237175417743,20.419370101557064,40.645215006499285,61.15536494075492,3206,2485.672956817912,1437.5199431877522,57.83222363363619,0.014204582133501656,0.00821482570567021,74.975,76.6625,,
37.87914499999955,1763,,-3.394788416045922,20.801883858749072,39.8726589315769,67.65937106526098,3317,2697.7590260101542,1598.6955331850204,59.26013101138275,0.013011785813466478,0.007710801319980748,74.975,76.6625,,
37.90015000000037,1763,,-3.5570882166540367,21.06398246151337,39.41396931715539,71.51666726190955,3411,2818.755729126114,1722.6290011027502,61.11309977316866,0.012227811355799274,0.007472794553944459,74.975,76.6625,,
37.92206499999948,1763,,-3.7495707084384886,21.515430222143184,39.004040162736985,74.94739479362585,3463,2923.2511966230873,1843.6002558104576,63.06677503254484,0.011670333714878377,0.00736010310950958,74.975,76.6625,,
37.94491000000015,1763,,-3.932956815380241,22.029398364241818,38.69225338367248,77.49371164709814,3543,2998.4063266907724,1978.305429074838,65.978563727826,0.011135489010179763,0.007347035712986515,74.975,76.6625,,
37.96651000000071,1763,,-4.090004095053316,22.640559794657406,38.45434715011431,79.43112743168737,3587,3054.472148783074,2082.7991614003668,68.18851375777548,0.010870255862516798,0.007412265914317663,74.975,76.6625,,
37.98890500000026,1763,,-4.2338350878657325,23.28338852482313,38.272955983274144,80.86954433492728,3644,3095.1165107181087,2190.5955688805784,70.77586776765088,0.010628793765305218,0.007522621020628743,74.975,76.6625,,
38.011230000000445,1763,,-4.346625450300518,23.952187088908623,38.1292524022236,82.00227979537972,3674,3126.685623875794,2267.247253965842,72.51279874934772,0.010564435372900659,0.007660567760956356,74.975,76.6625,,
38.03309499999974,1763,,-4.447559518971208,24.648717689847924,38.015370747451854,82.87508661684271,3704,3150.527143466461,2339.2613817760925,74.24984059024011,0.010536966019219834,0.007823680472318496,74.975,76.6625,,
38.056490000000224,1763,,-4.527761025771626,25.404906858895927,37.922745870279535,83.56776534886905,3720,3169.119128272313,2391.163206395431,75.45198238410828,0.010624497228356343,0.0080163937771395,74.975,76.6625,,
38.0818900000006,1763,,-4.594983948831431,26.247536443599405,37.83328668167915,84.21896358438545,3742,3186.280193321951,2440.9999124820984,76.60970675454506,0.01075278057544457,0.00823767366680777,74.975,76.6625,,
38.10425499999989,1763,,-4.6411010188274195,26.911250229984443,37.78339982822518,84.55691137805081,3762,3194.847590836697,2479.1053773519925,77.59698410848891,0.010855226436049751,0.008423328332522012,74.975,76.6625,,
38.12590000000037,1763,,-4.675298605548668,27.516144193432186,37.76076781707556,84.66751608956005,3773,3197.1104167063863,2504.406243267511,78.33342978024235,0.010987092955626774,0.008606566745285855,74.975,76.6625,,
38.146845000000674,1763,,-4.699962718592543,28.06400527472529,37.742211578870595,84.72503346848744,3785,3197.7101391945453,2525.754748199451,78.98635705723004,0.011111136302814606,0.008776281793256653,74.975,76.6625,,
38.171259999999776,1763,,-4.71888009560647,28.641186646687842,37.72956182829995,84.74174792846372,3791,3197.269017905181,2539.7137728049283,79.43384677930302,0.011277328553073814,0.008958015883647245,74.975,76.6625,,
38.19393500000052,1763,,-4.726383240200608,29.208521578151707,37.72314931317162,84.69154610136744,3796,3194.8318391452412,2547.549513959132,79.73970594460816,0.011465340091764855,0.009142428474722563,75.0875,76.6625,,
38.21702500000037,1763,,-4.729581277515707,29.704233176990478,37.71592516665969,84.65015094545609,3801,3192.6587584052686,2552.2500146892303,79.94120912452534,0.011638449605654074,0.00930391733810842,75.0875,76.6625,,
38.24066000000015,1763,,-4.72623626530143,30.164301158604133,37.71260142057195,84.59002618352957,3803,3190.109941615196,2552.196480616992,80.00340199324856,0.011818957273740903,0.009455567899121225,75.0875,76.6625,,
38.26647500000056,1763,,-4.71701947082195,30.63062995535875,37.71817871558665,84.42144566737822,3807,3184.2231751103604,2549.652759103462,80.07142147048455,0.012013647680450983,0.009619498468192997,75.0875,76.6625,,
38.28909999999963,1763,,-4.7075156443095825,30.995464063258414,37.71671238920879,84.27377813987016,3810,3178.5298520534734,2546.1966502167365,80.10611096107148,0.012173240452822065,0.009751509504695685,75.0875,76.6625,,
38.31088499999978,1763,,-4.697173818304375,31.307536241876008,37.719993231290836,84.15298678957032,3810,3174.2500920954994,2541.148864153559,80.05509302753157,0.012320229122942136,0.009862970885576366,75.0875,76.6625,,
38.33725,1763,,-4.68594038979089,31.614745338030822,37.71969897816557,84.03527824215094,3811,3169.78539884032,2535.5595857764906,79.99152203502913,0.012468547580335845,0.00997378098517244,75.0875,76.6625,,
38.36329499999992,1763,,-4.674420876156139,31.901083150687167,37.71229527537928,83.97312633492149,3812,3166.8193355392873,2529.9719043925734,79.88999801789251,0.01260926380063749,0.010073540600400128,75.0875,76.6625,,
38.38531499999948,1763,,-4.666361214813736,32.10142023719166,37.70970352833027,83.89547948567368,3813,3163.6736587718688,2526.5233316121753,79.86042822738443,0.012705768371712495,0.01014688103122917,75.0875,76.6625,,
38.40809499999974,1763,,-4.655305972658651,32.288071260654625,37.70551356470061,83.81223332876992,3814,3160.1833006657866,2521.140552025944,79.7783011983764,0.012806930273962118,0.01021715140822755,75.0875,76.6625,,
38.434629999999885,1763,,-4.641807150560438,32.449242932322726,37.713074040073444,83.6503356184682,3816,3154.711300656284,2515.0602634483816,79.72394377023235,0.012901974320023567,0.010285962752145406,75.0875,76.6625,,
38.456344999999736,1763,,-4.632327822152632,32.54996039086677,37.713564436987646,83.55614762480876,3818,3151.2001575546774,2511.202860062178,79.69036349664518,0.01296190001554109,0.010329385238456402,75.0875,76.6625,,
38.47706000000052,1763,,-4.624031172263131,32.62872048153201,37.71301487267465,83.51342043262117,3819,3149.5428668433733,2507.5013622368533,79.61477167478576,0.013012443770887956,0.01035982739750233,75.0875,76.6625,,
38.50144000000041,1763,,-4.616062560886182,32.707990826885364,37.70712234270994,83.46977934536096,3821,3147.405181694529,2504.282033852072,79.5665600481662,0.01306082557186026,0.010392049621420442,75.0875,76.6625,,
38.523695000000295,1763,,-4.6085459535435325,32.77387907859193,37.72203536031966,83.29285169403806,3823,3141.975896864365,2501.423868873819,79.61308269010576,0.013102089368543226,0.010430977243109877,75.0875,76.6625,,
38.54519499999937,1763,,-4.600511287670639,32.82337907333604,37.74505392018556,83.04043262537007,3823,3134.36560700013,2497.0943730547765,79.66825463749014,0.013144628984599463,0.010472096490604035,75.0875,76.6625,,
38.568465000000785,1763,,-4.591893003604487,32.86279034924532,37.76349527422891,82.80224772453761,3822,3126.9022906411074,2491.893833451305,79.69209146411778,0.01318787739192321,0.010509695313347153,75.0875,76.6625,,
38.5911950000003,1763,,-4.583260011613757,32.90094435910718,37.76151726801423,82.73551107168764,3822,3124.2184300115155,2487.031024911901,79.60490217397297,0.013229004395018609,0.010530936007245148,75.0875,76.6625,,
38.61727499999944,1763,,-4.574936997581806,32.94547240908082,37.76434662945374,82.70842587865951,3821,3123.4296640581797,2482.2215183675853,79.47102337315029,0.013272575459239096,0.010547851545430911,75.0875,76.6625,,
38.64027499999944,1763,,-4.568426424629036,32.9751166399255,37.775777837936005,82.59556912517363,3822,3120.1118696704452,2478.8997028367926,79.44906485351824,0.013302319816404666,0.010568568697957751,75.0875,76.6625,,
38.663415000000036,1763,,-4.562334041474222,32.99165290374269,37.77780171653757,82.5465856254983,3822,3118.428544137265,2475.8467935487965,79.394052437195,0.01332540163216382,0.010579576359306982,75.0875,76.6625,,
38.68724500000011,1763,,-4.554659954669359,33.00531715008672,37.78777748755765,82.45223426661744,3823,3115.6866818189155,2471.9551978484837,79.33901737530856,0.0133519075017272,0.010593272212730468,75.0875,76.6625,,
38.70935500000045,1763,,-4.548799679880055,33.015751777737,37.80194426338273,82.3621760134517,3822,3113.4503870714193,2468.61867827747,79.28883943448695,0.013374180495456038,0.010604232498720608,75.0875,76.6625,,
38.73278500000015,1763,,-4.54299988783007,33.015855642262856,37.80961743208789,82.32271467611787,3823,3112.5903478749437,2465.669738651213,79.21600541923539,0.013390218132102076,0.010607195921173419,75.0875,76.6625,,
38.75762000000011,1763,,-4.538245417441795,33.007095933070175,37.81206117506443,82.35038155058047,3824,3113.8376649804454,2463.748379271413,79.12256977875836,0.013397105082147689,0.010600133816955886,75.0875,76.6625,,
38.780544999999925,1763,,-4.533985720104013,32.987692226648974,37.831042321593294,82.24393629800825,3826,3111.3738347843732,2462.8076661320424,79.1549905896384,0.01339434365106461,0.010602291456544023,75.0875,76.6625,,
38.8013049999997,1763,,-4.531003697384789,32.95351263336366,37.84197068108957,82.19172169308769,3827,3110.296722538098,2461.7601335963072,79.14872287771422,0.013386159026477901,0.010594973911837122,75.0875,76.6625,,
38.82535500000045,1763,,-4.527759452583766,32.91543037461076,37.84519649280534,82.2163844862167,3828,3111.495225808904,2461.0048702485565,79.0939626014937,0.01337479286308213,0.01057865366515343,75.0875,76.6625,,
38.8468599999994,1763,,-4.524763432752819,32.885521437300206,37.851541882376175,82.20753879034699,3828,3111.682097569883,2459.5281717861253,79.04175602343608,0.013370662639500699,0.010568406542230862,75.0875,76.6625,,
38.87275,1763,,-4.5228610141057075,32.851446686013226,37.85725481021973,82.20604216678447,3828,3112.095085247627,2458.503954904092,78.99835601290668,0.01336237292621918,0.010556054936026885,75.0875,76.6625,,
38.89558499999996,1763,,-4.522236184365663,32.82703017649017,37.86217597105925,82.19855347647866,3828,3112.2160962929593,2458.1616414926884,78.98428532712327,0.01335430088175827,0.010547799111890492,75.0875,76.6625,,
38.91875,1763,,-4.522823670228853,32.820311797110485,37.85882678734957,82.26095554614372,3828,3114.303267383318,2458.35019867909,78.93740550015961,0.013350543716165966,0.010538572829706008,75.0875,76.6625,,
38.94344000000041,1763,,-4.523912376562173,32.82991363332688,37.859965762357504,82.2694621706569,3828,3114.719021068636,2458.4964867603317,78.93156558041119,0.013353654890346534,0.01054024886715566,75.0875,76.6625,,
38.96554499999993,1763,,-4.524756079717513,32.837354666105796,37.86328861692746,82.21924294774755,3826,3113.090925595843,2458.127630214978,78.96099693087166,0.0133586857990909,0.010548151483824956,75.0875,76.6625,,
38.99092499999981,1763,,-4.524398504883382,32.85600731352754,37.856326513489485,82.25691161676673,3826,3113.9445041555673,2457.5317884760616,78.92021791642333,0.013369514676309379,0.010551250116911562,75.0875,76.6625,,
39.01340499999933,1763,,-4.525138751250618,32.89392012942902,37.84970219398587,82.29559084194557,3823,3114.8636052457505,2456.507394934906,78.86404370316232,0.013390523552769791,0.010560308346738611,74.975,76.55,,
39.035580000000074,1763,,-4.527255928407029,32.9386299939456,37.84065073715403,82.32602242923429,3821,3115.2702613237634,2456.235364239853,78.84501690701248,0.013410209165414948,0.01057328168373715,74.975,76.55,,
39.05700999999978,1763,,-4.5310728202802775,32.98373976648517,37.834182941328045,82.3305089562204,3820,3114.90753750229,2457.261616531067,78.88714470482931,0.01342296625828899,0.010588994815856848,74.975,76.55,,
39.08046999999974,1763,,-4.534378036467439,33.01396561662483,37.82925684411773,82.28572061082113,3819,3112.8076595900648,2458.4594465402015,78.97884210629202,0.013428720845115219,0.010605848233158273,74.975,76.55,,
39.102605000000445,1763,,-4.535402614943571,33.01031435560637,37.82449147370796,82.25314913824147,3818,3111.1835382650434,2458.4583890556523,79.02003719223251,0.013427241438195079,0.010610211178352605,74.975,76.55,,
39.12786500000022,1763,,-4.535843764967648,33.020651150862626,37.82006823417366,82.3678021840698,3816,3115.1558989004384,2457.7389308282295,78.89617761010747,0.013435377833126911,0.010599999557812816,74.975,76.55,,
39.1505700000003,1763,,-4.5361697439658855,33.02828931923781,37.82246072028388,82.40813764940874,3815,3116.878549276509,2456.9601568530175,78.82758721616946,0.013442745185392785,0.01059659168526292,74.975,76.55,,
39.17241000000015,1763,,-4.536542937384443,33.045651030991806,37.8213060805517,82.47449932161673,3814,3119.29328268312,2456.81659791518,78.76196225453677,0.01345059743532907,0.010593954475023572,74.975,76.55,,
39.197620000000114,1763,,-4.5378166901442265,33.04773161651515,37.8262766836801,82.47316212847892,3814,3119.652649649851,2457.4436234078194,78.77298851471949,0.01344801211377812,0.010593401037844523,74.975,76.55,,
39.220514999999665,1763,,-4.538796316439055,33.03100542909526,37.82250714061072,82.52857223883751,3815,3121.437512807839,2458.673196010312,78.76733671335461,0.013434483884517331,0.010581985157019129,74.975,76.55,,
39.333560000000524,1763,,-4.541403121597566,32.9778221587341,37.82099350748524,82.60843978422344,3817,3124.3332647426,2460.9673239544204,78.76775988419304,0.013400349463292946,0.010555155088889339,74.975,76.55,,
39.35455999999959,1763,,-4.54286569686609,32.99843985677383,37.817630169899004,82.63661682677574,3816,3125.121013646658,2461.2266906756217,78.75620431746584,0.013407314320858251,0.010559091860019984,74.975,76.55,,
39.3811400000006,1763,,-4.543522255346836,33.035340763464305,37.81861927892799,82.63511698007287,3814,3125.146028139053,2460.5105071575163,78.73265713035141,0.01342621405897921,0.010570815080643139,74.975,76.55,,
39.40399000000022,1763,,-4.5429671631720545,33.060574352382815,37.810474315419064,82.70576862803894,3813,3127.144340447458,2459.587858564477,78.65284076438053,0.013441509819323311,0.010572129314520937,74.975,76.55,,
39.42649500000011,1763,,-4.541360207561053,33.077901252334414,37.80852296217274,82.72600595688228,3813,3127.7480957896223,2458.709036797346,78.60956066465536,0.013453361401160699,0.010575628292080749,74.975,76.55,,
39.45181500000041,1763,,-4.539539040514606,33.088150204364666,37.8060818800889,82.74039972503832,3814,3128.0903267960834,2457.990353558617,78.57798518485207,0.013461464629615193,0.010577747682323127,74.975,76.55,,
39.475180000000634,1763,,-4.538166462564397,33.09587463886776,37.80593114662064,82.72750615822535,3814,3127.5904017495022,2457.6172145129544,78.57861480640878,0.013466651536873547,0.010581908238481194,74.975,76.55,,
39.496620000000114,1763,,-4.537437942455663,33.088700885810226,37.80327218430148,82.74095645901525,3815,3127.878897809591,2457.557046947644,78.56944361460528,0.013464062177888135,0.010578638741091214,74.975,76.55,,
39.52261500000022,1763,,-4.534378736538915,33.087415726711626,37.80459139121457,82.69275733607861,3816,3126.1659021033133,2456.6783221781875,78.58438736489678,0.013468354984862254,0.010584024252983538,74.975,76.55,,
39.545044999999924,1763,,-4.531325282987271,33.09566051063621,37.80400030096325,82.67782104289893,3816,3125.552371588737,2455.33643523616,78.55688029914846,0.013479073594838333,0.010588739709331276,74.975,76.55,,
39.567054999999705,1763,,-4.528010880531581,33.11138597413698,37.803761177803366,82.6604888647697,3817,3124.8773798842285,2453.667780074327,78.52044998211197,0.013494649211693183,0.010596059284529015,74.975,76.55,,
39.590140000000595,1763,,-4.525110024045354,33.11547731977192,37.80646673715126,82.62275563040325,3817,3123.6744624726175,2452.6242191297165,78.51727984446512,0.013502059166455811,0.010601449580491362,74.975,76.55,,
39.61280999999959,1763,,-4.522409415217078,33.096127658579995,37.8087912405376,82.59034436218552,3818,3122.641088473984,2451.551085819951,78.50889731992893,0.013500076686148514,0.01059876134364,74.975,76.55,,
39.63885500000045,1763,,-4.520362399421974,33.07998549729728,37.819227985397056,82.49699767527281,3819,3119.972763191913,2450.7344161530377,78.54986572529545,0.013497988716877586,0.010602652012722874,74.975,76.55,,
39.66129000000004,1763,,-4.518834446398618,33.0788995590114,37.81978241963025,82.48795803015105,3819,3119.6766249399047,2450.2058020901804,78.5403776308828,0.013500457606782664,0.010603310386264346,74.975,76.55,,
39.68401499999966,1763,,-4.517969136251476,33.07609449729364,37.81951436238474,82.48325650697319,3819,3119.476704121737,2449.829981434689,78.53336356696462,0.013501383666601776,0.010603090721463152,74.975,76.55,,
39.71000499999989,1763,,-4.516244785191741,33.063178333035054,37.82052773106781,82.47981383253516,3819,3119.4300863067065,2449.006981119721,78.50815416155896,0.013500646828666082,0.010599108625056789,74.975,76.55,,
39.73285000000056,1763,,-4.515185642951656,33.057443400707804,37.823504676469014,82.46902120925482,3819,3119.267409372072,2448.3468678911254,78.4910860971677,0.01350194444841131,0.010597822841794276,74.975,76.55,,
39.75654999999981,1763,,-4.51334704797266,33.071682867507334,37.82266160361105,82.48980887813535,3819,3119.984126944264,2447.360467950097,78.441439711652,0.013513204654812495,0.010599952282416893,74.975,76.55,,
39.78196499999985,1763,,-4.51179503665173,33.07817314023204,37.82028436790816,82.50698802047043,3819,3120.4377492737835,2446.346332734465,78.39753679764323,0.013521459614125072,0.010600491276562173,74.975,76.55,,0.2751400000005961,2379,
39.805935000000524,1763,,-4.510649974720923,33.073451174395174,37.82197496995452,82.47609168558078,3819,3119.4086753517104,2445.652557771603,78.40115907531282,0.013523364579852913,0.010602474576584992,74.975,76.55,,
39.832080000000076,1525,,-4.509727548825011,33.05547770604843,37.82330109874171,82.45424680373463,3819,3118.6918037276164,2445.3860032849857,78.4106335984254,0.013517488716155107,0.01059914854893288,75.0875,76.4375,,
39.85498500000033,1525,,-4.507890360744825,33.04955989263303,37.8285192157766,82.40225019872837,3819,3117.1551050658272,2444.557176162249,78.42269934497294,0.013519651008743467,0.01060247526307649,75.0875,76.4375,,
39.88010500000045,1525,,-4.504788986278531,33.038920073253074,37.834890841387036,82.33339675811798,3821,3115.075078944003,2443.966680498576,78.45610839425,0.01351856403644302,0.010606139253777834,75.0875,76.4375,,
39.90332500000019,1525,,-4.502169113652548,33.0110383001486,37.844774815364545,82.2225418002062,3822,3111.6935791757023,2442.8037646025496,78.50399476832986,0.01351358581417594,0.010608704700574447,75.0875,76.4375,,
39.92472999999951,1525,,-4.441097620865365,32.972678040578984,37.85299237650976,82.13037670578532,3815,3108.880523323967,2405.318586206595,77.36928351414629,0.01370823733274347,0.01060596500676234,75.0875,76.4375,,
39.9502650000006,1525,,-4.289580588796371,32.88018226489145,39.17932112041585,71.39698989980236,3712,2797.2855943154436,2260.6101961099275,80.81442240663124,0.014544826136532463,0.011754317232287446,75.0875,76.4375,,
39.97281500000041,1525,,-4.178642941692875,32.81245876488839,40.05995685878522,64.33410607615163,3545,2577.2215139591463,2103.0372542438345,81.60095059167551,0.015602414412143354,0.012731718475561557,75.0875,76.4375,,
39.9950150000006,1525,,-3.9531221707320903,32.437857424193986,40.84921350398664,58.02682645802093,3478,2370.3502229424776,1951.868031994019,82.34513250835279,0.01661887837317343,0.013684837417791645,75.0875,76.4375,,
40.02125499999989,1525,,-3.663760257326309,31.759595337263423,41.52020590291254,52.70344744686424,3363,2188.2579897871333,1749.5866435249316,79.953399082305,0.018152627910599874,0.0145136430372878,75.0875,76.4375,,
40.043074999999256,1525,,-3.44089220189793,31.178297880655922,41.98327448584719,49.03191078405906,3271,2058.5201690127224,1598.001736675479,77.62866552052728,0.0195108035023291,0.015145976391190379,75.0875,76.4375,,
40.06405999999959,1525,,-3.243675758904052,30.539095332114798,42.32288700973079,46.36573562753845,3224,1962.3317900873592,1484.7730381350598,75.6637101653926,0.020568190927330716,0.01556265636952009,75.0875,76.4375,,
40.08700500000082,1525,,-3.0557283296796025,29.844558278052638,42.6064608296059,44.12799319235818,3154,1880.1376134393247,1368.3151363497564,72.77739281257746,0.021811173088144543,0.015873603115390135,75.0875,76.4375,,
40.10930999999959,1525,,-2.9062568143892777,29.149011596686364,42.840791422857805,42.27640389447059,3127,1811.154601351508,1290.2873861682285,71.24115109805638,0.022591100175946306,0.016094159811059185,75.0875,76.4375,,
40.13541000000015,1525,,-2.7711215055180336,28.374589955605256,43.041089126142516,40.70202297092955,3087,1751.8593983060787,1214.6041579489956,69.33228540620497,0.023361182958173913,0.016196842042826856,75.0875,76.4375,,
40.16150499999989,1525,,-2.661991648479552,27.587350511161016,43.198436277788666,39.47980684077432,3057,1705.4659200705946,1155.5612818427326,67.75633967490245,0.023873550407615293,0.016175843906642878,75.0875,76.4375,,
40.187115000000226,1525,,-2.5865143239284003,26.86239140598828,43.306789880726164,38.64160613548991,3039,1673.4439175634404,1115.9252489556268,66.68435298270592,0.024071855557644458,0.01605216112954674,75.0875,76.4375,,
40.209509999999774,1525,,-2.54061143715113,26.24433862164138,43.38632245425408,38.01590680759587,3022,1649.3703911452271,1090.2184546359906,66.09906789214315,0.0240725503315792,0.015911731387040867,75.0875,76.4375,,
40.23017499999981,1525,,-2.5188381768840413,25.647317242140865,43.44173497708499,37.57275854840209,3013,1632.2258192176882,1077.707267873233,66.02684844121438,0.023798036820103986,0.01571309370319445,75.0875,76.4375,,
40.25346999999974,1525,,-2.504515254818527,25.040550175870976,43.4954484818608,37.15268565464903,3005,1615.9727248545555,1068.6361329216613,66.12958971927222,0.023432251076341462,0.015495651498774358,75.0875,76.4375,,
40.27665499999933,1525,,-2.5049603624242973,24.50688133797946,43.526816657459385,36.92472639413858,3000,1607.2157958845214,1067.1436200828296,66.39703410179176,0.022964932626479355,0.015248034147457,75.0875,76.4375,,
40.30275999999978,1525,,-2.5113721812547793,23.96826111775481,43.56766595530186,36.59733788608353,2995,1594.4605918742004,1068.080526348001,66.98695043271853,0.02244050006202013,0.015032206653399594,75.0875,76.4375,,
40.32899500000011,1525,,-2.5213862660673727,23.426308413703648,43.609899820561616,36.26492751658037,2992,1581.5098559979983,1070.9507357077664,67.71698144315086,0.021874310024374507,0.014812622460022974,75.0875,76.4375,,
40.350730000000446,1525,,-2.5281010279825833,23.062911913163564,43.63198808871511,36.0864255075383,2990,1574.5224879092164,1073.0708284218379,68.15214369194254,0.02149244141421878,0.014647559555524952,75.0875,76.4375,,
40.37465499999933,1525,,-2.541193207398216,22.722102344990642,43.64139735943677,36.02057056063963,2988,1571.9880329505042,1078.2064039923735,68.58871577849486,0.021073981995335434,0.014454373613991801,75.0875,76.4375,,
40.400285000000146,1525,,-2.5604519066516476,22.397243351045145,43.65667239986742,35.91086429808939,2987,1567.7488382577835,1085.9958725774604,69.27103666581644,0.020623691043952494,0.014286244584901032,75.0875,76.4375,,
40.42229499999993,1525,,-2.574622451700746,22.1582625324513,43.67608867473169,35.76069530619491,2986,1561.8872992634301,1091.6169366642685,69.89089015443456,0.020298569753014167,0.014186851089000408,75.0875,76.4375,,
40.443100000000555,1525,,-2.5899994067318968,21.927270610150618,43.68253175752377,35.718783600780256,2986,1560.2868989812027,1097.9246344002913,70.36684311822312,0.019971562640205935,0.01405335815129137,75.0875,76.4375,,
40.46750499999989,1525,,-2.6053461062738745,21.701549063518907,43.694602897813056,35.62813056561018,2985,1556.7570170557724,1104.3277289723824,70.93770684014324,0.01965136661352604,0.013940228838384883,75.0875,76.4375,,
40.48925500000082,1525,,-2.619993866288666,21.512920098265987,43.70301186319393,35.57538678183895,2985,1554.75155056442,1110.523218174332,71.4276964554999,0.01937187781956743,0.013836886086690937,75.0875,76.4375,,
40.51552999999933,1525,,-2.6355908130943377,21.313014165498792,43.72672208171291,35.39477695179975,2985,1547.6975749155652,1117.0662507906175,72.17600317371817,0.01907945401663889,0.013770787336577384,75.0875,76.4375,,
40.53845000000019,1525,,-2.6479818793314815,21.146921162567413,43.722245875395245,35.451088181156564,2985,1550.0011940068457,1122.4283470958367,72.414676287719,0.01884033062536491,0.013643164433893988,75.0875,76.4375,,
40.561520000000485,1525,,-2.6586893961379676,20.98882596790133,43.73977052133889,35.31426631619674,2986,1544.6379047998932,1127.0994294548486,72.96852070976878,0.01862198260365825,0.01358818523271991,75.0875,76.4375,,
40.58775,1525,,-2.6683956608764734,20.83279437516522,43.740992525857486,35.325885846028825,2987,1545.1893087604417,1131.6023396475111,73.23389653500048,0.018409995848589832,0.013482357311854164,75.0875,76.4375,,
40.61070999999996,1525,,-2.6756193638493277,20.70991631711337,43.7501901910274,35.27161143336416,2989,1543.1397085536985,1135.3148594765196,73.57174811738783,0.01824156192817072,0.013420635994471075,75.0875,76.4375,,
40.63460000000056,1525,,-2.68164040226389,20.576652447368893,43.75804658263114,35.22523148519814,2989,1541.3873202132652,1138.1733205621474,73.84083842110954,0.018078663482646053,0.013349436690916804,75.0875,76.4375,,
40.65752499999944,1525,,-2.6873296186865336,20.452027365276003,43.775565286686835,35.10093527237257,2990,1536.563283639514,1140.832005637047,74.24568957126611,0.017927291015871767,0.013310240836181632,75.0875,76.55,,
40.680430000000634,1525,,-2.6907297632167717,20.357057397356243,43.79161942085235,34.99196663447178,2990,1532.3548856439518,1142.3885771853072,74.5511753111443,0.017819731222727484,0.013284819063830285,75.0875,76.55,,
40.70139500000048,1525,,-2.6937270229771184,20.290381699843785,43.79537544459225,34.96886287306236,2990,1531.4744783962292,1143.6457157868822,74.67611977344318,0.017741842093014833,0.013248919251394913,75.0875,76.55,,
40.723635000000705,1525,,-2.6960588960470755,20.225976624930013,43.7925440083026,35.004745082352336,2989,1532.9468395183287,1144.254140742216,74.64408492480763,0.01767612272900364,0.013194180061250702,75.0875,76.55,,
40.745580000000075,1525,,-2.6986289661817744,20.152233423603786,43.79242326539823,35.01886763336013,2989,1533.5610736750612,1145.2145804773938,74.67681595053631,0.01759690608829232,0.013140809172542772,75.0875,76.55,,
40.77305999999959,1525,,-2.701249669830363,20.08987739989611,43.79455838774542,35.02028597275039,2989,1533.697958789159,1146.23266596526,74.73653201378715,0.017526875647866934,0.013098979029584738,75.0875,76.55,,
40.79690000000037,1525,,-2.703626743990079,20.054852917079987,43.798102352135125,35.00523606735723,2988,1533.162912138764,1147.1600157192422,74.82309979172094,0.017482175670589486,0.01308070574776913,75.0875,76.55,,
40.8225700000003,1525,,-2.7069044874869017,20.027653141599664,43.81899582403494,34.849862408484114,2988,1527.0859753455577,1148.520262372217,75.2099279879984,0.017437788254804878,0.013114947989138393,75.0875,76.55,,
40.84453500000015,1525,,-2.7098318128106715,19.99343263694093,43.82368729902484,34.83154320908106,2988,1526.4466577372407,1149.801449500942,75.32536061269076,0.017388595783749315,0.013098022479592313,75.0875,76.55,,
40.86999000000022,1525,,-2.7125815323071745,19.952052648493492,43.836579980169496,34.74472064417608,2988,1523.0897254070708,1150.8662187168475,75.56128831538533,0.01733655252366251,0.01309972243635284,75.0875,76.55,,
40.89243499999959,1525,,-2.71551664412993,19.9268301679681,43.82631540370155,34.85462136506442,2988,1527.549629221908,1152.0906176964143,75.42083056792451,0.017296235089399006,0.013044964161405532,75.0875,76.55,,
40.914735000000334,1525,,-2.716540728112542,19.909666669092534,43.83619009963422,34.79237083627429,2988,1525.1649819958893,1152.599800777914,75.57213903964526,0.017273703028280133,0.013054106869827277,75.0875,76.55,,
40.93964500000048,1525,,-2.7175599497611453,19.883366838392924,43.826598217767746,34.88055134800585,2989,1528.6959095432696,1153.1996160201215,75.43682224966929,0.01724191246873082,0.013006750861480032,75.0875,76.55,,
40.98546499999985,1525,,-2.718485632408173,19.83467310838385,43.83011455989497,34.86469440332907,2990,1528.1235497936423,1154.2185061061919,75.53175306159358,0.017184504496723946,0.012979757501323975,75.0875,76.55,,
41.008600000000555,1525,,-2.718585450040536,19.817805475827704,43.82796190268822,34.90018132171142,2991,1529.6038173648792,1154.560697882439,75.4810287981273,0.01716480173989572,0.012956168944432146,75.0875,76.55,,
41.03092499999981,1525,,-2.7191680342672306,19.804215691931027,43.83075868702604,34.89075139584381,2992,1529.288104840247,1155.1151323469614,75.53286582763472,0.01714479807020868,0.012949957322789626,75.0875,76.55,,
41.05174500000011,1525,,-2.717467798905359,19.789090228665838,43.83853472367066,34.847776584973445,2992,1527.6754638630757,1154.551374644309,75.57569666824146,0.017140069002786824,0.01295372655827345,75.0875,76.55,,
41.074120000000114,1525,,-2.715871803895083,19.774892097959526,43.829907267489084,34.93833849175795,2993,1531.3441361738955,1153.9338539739067,75.35431303227774,0.017136937294853546,0.01291342137330909,75.0875,76.55,,
41.096709999999966,1525,,-2.7138870759492324,19.785398496684472,43.835181147056346,34.91324020738103,2992,1530.4282089212386,1153.0431408839695,75.34121066003621,0.017159287276550802,0.01292801477478693,75.0875,76.55,,
41.122889999999664,1525,,-2.712600615640006,19.807297429870196,43.8262141764641,35.005478974615166,2992,1534.1576188911952,1152.4446615535967,75.11905213406432,0.01718720047101283,0.012910862082206275,75.0875,76.55,,
41.14485499999952,1525,,-2.711578818156284,19.829474708606476,43.82921597437364,34.983611576287366,2992,1533.3042673406967,1151.9908133473439,75.13125984742167,0.017213222951828845,0.012932511264054555,75.0875,76.55,,
41.16663499999978,1525,,-2.7113227090581753,19.834648031418833,43.837204170328775,34.91783697982591,2992,1530.7003488708845,1151.8295018441972,75.24852938681565,0.017220125026891155,0.01295789084130659,75.0875,76.55,,
41.19178500000015,1525,,-2.7106866958755638,19.84169179357641,43.84022264969504,34.90114228066375,2991,1530.0738483129842,1151.3226555076615,75.24621486584304,0.01723382381008342,0.01296780009373619,75.0875,76.55,,
41.214030000000264,1525,,-2.71020226158147,19.84705683952492,43.83656659748417,34.93677049187172,2991,1531.5080663679544,1150.9962710768882,75.1544374040766,0.017243371971097474,0.012959159194370538,75.0875,76.55,,
41.2356950000003,1525,,-2.710602163172429,19.867924948000574,43.829602531972675,34.99578401040429,2991,1533.8513034707848,1151.178943689054,75.05153472726963,0.01725876333728974,0.012952966759583288,75.0875,76.55,,
41.25878000000026,1525,,-2.711999852092912,19.88141178101688,43.82273891189805,35.05694038136761,2992,1536.2911453826484,1151.8953277001901,74.97897329957495,0.01725973819228089,0.012941174490766826,75.0875,76.55,,
41.28281499999948,1525,,-2.71382210093599,19.881069309873478,43.82982204243187,35.00435933672562,2992,1534.2348404380225,1152.742362247945,75.13467507483003,0.01724675865221411,0.012958296074281204,75.0875,76.55,,
41.30770500000008,1525,,-2.7160171998754143,19.87998077430052,43.82679121176393,35.03867273444627,2992,1535.6325942699025,1153.726345334089,75.13036318968041,0.01723110584645945,0.012945792404043241,75.0875,76.55,,
41.33102500000037,1525,,-2.717475918861378,19.886059325649214,43.83980449024051,34.939907651617496,2992,1531.7587203539695,1154.5074976360281,75.37136771574811,0.017224712153336333,0.012982501135070284,75.0875,76.55,,
41.353729999999516,1525,,-2.7186825689505656,19.888649961948644,43.85077802216955,34.85662335151993,2992,1528.490053189872,1155.0734375554991,75.56957502895922,0.01721851556385828,0.013011959037902905,75.0875,76.55,,
41.38025999999978,1525,,-2.7209012430992914,19.891987561465967,43.844305684346494,34.92575663895054,2992,1531.2955503352414,1155.8775497551096,75.4836353767277,0.017209424619139276,0.012990299329943904,75.0875,76.55,,
41.406860000000336,1525,,-2.7235467783853013,19.900500234708886,43.85132916983947,34.883944247761846,2992,1529.7073219509327,1156.892749529909,75.62837236435858,0.017201681178134483,0.013009351494329332,75.0875,76.55,,
41.42999500000011,1525,,-2.7264204272520103,19.91628034551038,43.84139149463108,34.97863844660053,2992,1533.5121820865681,1158.0495689923064,75.51616364837808,0.01719812422437221,0.012987363633728271,75.0875,76.55,,
41.451665000000034,1525,,-2.7276762741438985,19.929479917640474,43.85185358895039,34.90026196097042,2991,1530.4411777284895,1158.5330414855976,75.69928582326273,0.0172023405496357,0.013022048940959754,75.0875,76.55,,
41.478155000000264,1525,,-2.729047953365105,19.94472426463005,43.852936116036034,34.903195251764416,2991,1530.607591621157,1159.0055096561036,75.72192350284453,0.017208480976546852,0.013030592801062363,74.975,76.55,,
41.50012000000011,1525,,-2.730629896104457,19.951835690919477,43.85688521246548,34.8847844699779,2991,1529.9379881614193,1159.5615853444813,75.79141078377742,0.017206361389586915,0.013040944041723092,74.975,76.55,,
41.52081499999948,1525,,-2.7323765155746953,19.967428745321964,43.85782951093267,34.89030471225929,2991,1530.2130356547584,1160.219388528829,75.82077537539642,0.01721004574026373,0.01304879012272834,74.975,76.55,,
41.543929999999705,1525,,-2.733523915282272,19.989382117110065,43.856575942668734,34.90651122196516,2990,1530.8800602997335,1160.428330558336,75.80138775412189,0.017225865303971202,0.01305744495306596,74.975,76.55,,
41.56639499999955,1525,,-2.735194575865187,20.01216593213304,43.84982408097583,34.96978875109059,2989,1533.4190848842097,1160.9023821621183,75.70679102704526,0.01723845711717936,0.013050682705989787,74.975,76.55,,
41.59189499999955,1525,,-2.7365831516002923,20.036251029602983,43.84389668732034,35.00427203809073,2989,1534.7236868529062,1161.2378481525209,75.66429436778598,0.01725421804110139,0.013055282329478593,74.975,76.55,,
41.615985000000336,1525,,-2.738284891859257,20.051380045504338,43.83073756733575,35.10296958641087,2988,1538.5890477761434,1161.815439701252,75.5117450875219,0.01725866205622154,0.013032316897410873,74.975,76.55,,
41.63783000000007,1525,,-2.7395556706452617,20.066457716857432,43.811166247722966,35.258082456378894,2988,1544.6977120723402,1162.2011589470867,75.23809673984027,0.017265907508676844,0.012990540194389628,74.975,76.55,,
41.66356499999948,1525,,-2.7418988100933204,20.083996575700695,43.81331854425199,35.2259107929513,2988,1543.3640505829794,1163.1197588426048,75.36263128606994,0.017267350522602972,0.013013129707222548,74.975,76.55,,
41.690074999999254,1525,,-2.7443336052824514,20.098731136246343,43.80671033374639,35.272575356408005,2988,1545.1754913634068,1164.1514519854345,75.34105080570683,0.017264704778719647,0.013007409998790463,74.975,76.55,,
41.71216000000015,1525,,-2.7460879143570285,20.10934762398647,43.81408262922186,35.20997082708561,2988,1542.69257119042,1165.065855480125,75.52158331721925,0.017260266901993605,0.013035226849163521,74.975,76.55,,
41.73529500000085,1525,,-2.7477169951577363,20.117706305117885,43.81163775665506,35.23848527162443,2988,1543.855751813634,1165.8475058020565,75.51531316526723,0.017255864257545165,0.013030819933458644,74.975,76.55,,
41.76101499999967,1525,,-2.749249914945579,20.127844166928504,43.81053878880078,35.25783425892818,2989,1544.6647154098819,1166.823930544888,75.53897741719746,0.01725011258342047,0.013030558648831125,74.975,76.55,,
41.78464499999955,1525,,-2.7494203270220363,20.133475497564387,43.81747321999655,35.2052247478123,2991,1542.6039925912253,1167.485478443156,75.6827730286141,0.017245161391139883,0.013051616354074586,74.975,76.55,,
41.8071950000003,1525,,-2.7500133561838385,20.13216652774561,43.82287531877147,35.171697081772486,2991,1541.3248959641141,1167.9779032862496,75.77752791410455,0.017236770037430744,0.013061598226604092,74.975,76.55,,
41.830259999999775,1525,,-2.750002392412383,20.128382584503058,43.822581385981564,35.17766959937968,2992,1541.5762889879857,1168.3347096864716,75.78831602641347,0.01722826722310134,0.013057013608919053,74.975,76.55,,
41.85247999999952,1525,,-2.750281279676131,20.122405715130167,43.82078344211828,35.20154665938256,2994,1542.5593529884252,1168.9559945319945,75.78029281449412,0.01721399762630621,0.013044817806294913,74.975,76.55,,0.23681000000052155,-3201,
41.8753200000003,1525,,-2.7500890386958297,20.114177059041474,43.83575815940886,35.08223995732004,2994,1537.8565864594316,1169.0361152509079,76.01723889887224,0.01720577901455543,0.013079358137906626,74.975,76.55,,
41.90121499999985,1763,,-2.7496454186854398,20.115317484607292,43.83306832943591,35.12143265672749,2994,1539.480157470018,1168.8826834586832,75.92710291112978,0.017209013162113724,0.013066305133587957,74.975,76.55,,
41.923455000000075,1763,,-2.749326160963648,20.116138555197782,43.832204410680575,35.12989224081652,2993,1539.820617624651,1168.4427668657295,75.88174580154575,0.017216195029524636,0.013063949349002237,74.975,76.55,,
41.94758499999996,1763,,-2.749908987932655,20.13485831783879,43.83424384420203,35.11911997250593,2993,1539.4200684686105,1168.39160387569,75.89816631648738,0.01723297073605214,0.013079508790520455,74.975,76.55,,
41.972270000000485,1763,,-2.7509602120744483,20.168869703279434,43.83203770818842,35.136846610679264,2991,1540.119585586126,1168.3134253765325,75.85861749377763,0.017263235417139255,0.013095651722138012,74.975,76.55,,
41.99500999999977,1763,,-2.7528258172780657,20.198895930818068,43.83289031468038,35.12913056629131,2993,1539.8113269623327,1169.934727434919,75.97909607165387,0.017264976803538546,0.013117773312309306,74.975,76.55,,
42.01645500000007,1763,,-2.795394720609099,20.22662901761963,43.39960467996192,38.57959727632493,3009,1674.3392705046376,1194.3827801093184,71.33457365240781,0.016934796243268296,0.012080364699039413,74.975,76.55,,
42.03913999999966,1763,,-2.8606369915340406,20.26283578278141,42.59757092355558,45.1729776880546,3046,1924.2591208950996,1237.31081978867,64.30063427284757,0.016376512238244434,0.010530201240961679,74.975,76.55,,
42.061129999999885,1763,,-2.9898140281237158,20.38240774459832,41.967658687828866,50.34005078655629,3093,2112.6540697381656,1312.836193892478,62.14155988420698,0.015525476704116258,0.009647773403397009,74.975,76.55,,
42.083540000000035,1763,,-3.138736866443588,20.552347793753327,41.20016303663745,56.76628228105548,3204,2338.7800849632695,1427.897589102763,61.05309337475345,0.014393432659738326,0.0087876358815823,74.975,76.55,,
42.10753000000026,1763,,-3.3360089956428345,20.857694092482063,40.5570264689234,62.17336506133239,3251,2521.566812454495,1539.6600565393367,61.059657389788946,0.013546947590082636,0.008271719785278728,74.975,76.55,,
42.13238499999978,1763,,-3.5879672672038394,21.348772309718715,39.86469076262138,68.00035686287009,3348,2710.8131980862145,1705.709483869301,62.92242804017264,0.012516065901967249,0.007875412560625928,74.975,76.55,,
42.15550499999989,1763,,-3.794835548397081,21.807241238459934,39.38284470441978,72.02395124527293,3458,2836.5080868912855,1862.9900316074338,65.67899595340856,0.011705506131798304,0.0076880588986297975,74.975,76.55,,
42.17858999999985,1763,,-3.9911423145135294,22.398633475552298,38.98580097007596,75.32286515030503,3517,2936.5222292456624,1992.8640869390342,67.86477102374818,0.011239418494392046,0.007627605625619966,74.975,76.55,,
42.20468499999959,1763,,-4.18860442452203,23.179666864490944,38.64916889854824,78.06572404979906,3580,3017.175353988143,2129.0344560571225,70.56382895488444,0.010887408044780384,0.007682571990339159,74.975,76.55,,
42.22731500000041,1763,,-4.333418593224902,23.83542265383046,38.40829431645085,80.02579309439145,3634,3073.6542140767865,2236.1266100084435,72.75140449330259,0.010659245566484475,0.007754750858007542,74.975,76.55,,
42.2505,1763,,-4.451523806176724,24.54329345537742,38.24061305111991,81.35715472580624,3664,3111.1474728096478,2316.0154025527754,74.44248216434445,0.010597206490218128,0.007888823551399382,74.975,76.55,,
42.277895000000484,1763,,-4.55390597302665,25.396539703009005,38.101603274749955,82.42903630443038,3704,3140.678439591368,2395.1235115597765,76.26134154222439,0.010603436349079976,0.008086322809384249,74.975,76.55,,
42.30474500000011,1763,,-4.628987079596158,26.272472247263654,38.00018920607427,83.17637765998651,3737,3160.718088555376,2456.0740056873415,77.70620273223746,0.01069693836033707,0.008312184608426003,75.0875,76.4375,,
42.32675,1763,,-4.675104705784878,26.905073533860122,37.945343716565446,83.55521974018887,3758,3170.531532354621,2494.5482532847,78.67918132427793,0.010785549447052319,0.008485982006265949,75.0875,76.4375,,
42.349115000000225,1763,,-4.706450958183526,27.54144208444937,37.89670470255947,83.8911909460262,3768,3179.199690427585,2517.828356819306,79.1969238170337,0.010938570141151962,0.008663011061360915,75.0875,76.4375,,
42.37526999999955,1763,,-4.728055232205605,28.265067618017188,37.86381984323488,84.06214844987697,3781,3182.9140445414077,2538.322651486721,79.74838829970481,0.011135332855128586,0.00888024848377255,75.0875,76.4375,,
42.39870000000018,1763,,-4.739803831553387,28.851776788554766,37.84157397999072,84.1620394155498,3793,3184.8240408504225,2552.5280799631323,80.14659671061601,0.011303216217300729,0.009059143117008958,75.0875,76.4375,,
42.42187000000011,1763,,-4.741689349870841,29.40135083377465,37.822642112512774,84.24706892845089,3799,3186.446737108993,2557.4856491896076,80.26136509377116,0.01149619386646063,0.009227002131047693,75.0875,76.4375,,
42.44854000000004,1763,,-4.735968019289719,29.971822409215463,37.8081482315414,84.28639611871715,3805,3186.712558358874,2558.6996824700645,80.29276678119253,0.011713692941205936,0.009405248154747492,75.0875,76.4375,,
42.47475,1763,,-4.728180073118594,30.504285696049056,37.79479178357302,84.31403899195216,3809,3186.6315481328884,2557.269503223613,80.24992737933474,0.011928459498537922,0.009572580085050037,75.0875,76.4375,,
42.49680999999959,1763,,-4.722685967420165,30.879918695316995,37.78969857798757,84.27449621503425,3812,3184.7078097778985,2556.2923659928506,80.26772057845791,0.012079963585590648,0.009696311416861366,75.0875,76.4375,,
42.51948000000045,1763,,-4.713706820954844,31.227126290716402,37.785876028616784,84.23538219182298,3814,3182.907708723377,2552.5697074630425,80.19615838898594,0.01223360372859417,0.00981088022286427,75.0875,76.4375,,
42.54597499999963,1763,,-4.699651087029745,31.577260826497124,37.78358331027719,84.1795705079994,3817,3180.6058153123477,2546.7524133774295,80.07129965985203,0.012399030491000999,0.009928064859365829,75.0875,76.4375,,
42.568484999999406,1763,,-4.687674866427611,31.835780275691246,37.78050674311204,84.14626426069212,3820,3179.0885043087665,2542.237263098457,79.96748941254214,0.01252274157797926,0.010014122045530576,75.0875,76.4375,,
42.59171499999985,1763,,-4.674472544524536,32.07370069591673,37.78727081484952,84.02532551403253,3821,3175.0877305046324,2535.787576537138,79.86511843986474,0.012648417790466679,0.010101673849125137,75.0875,76.4375,,
42.61834999999963,1763,,-4.661873782145263,32.291042038328065,37.79785283751229,83.87175338207409,3822,3170.17219155976,2529.75079790985,79.79852970274098,0.012764515012707107,0.010185895303825913,75.0875,76.4375,,
42.63935500000045,1763,,-4.652496880611536,32.44883400187296,37.79944515451714,83.80704361377676,3823,3167.85974864118,2525.165052901108,79.71202178329551,0.012850183382901321,0.010243140977371723,75.0875,76.4375,,
42.66049500000011,1763,,-4.644528012274895,32.58002036492901,37.79627767738279,83.78699002456445,3823,3166.8363407205397,2521.120422302339,79.61006351621937,0.01292283386256348,0.010287876246082295,75.0875,76.4375,,
42.686889999999664,1763,,-4.633516977034195,32.73247706951823,37.802387925731324,83.67007170072557,3824,3162.9285082045826,2515.670910815734,79.53612939053558,0.013011430441394406,0.01034878815142699,75.0875,76.4375,,
42.70970000000018,1763,,-4.624378170962095,32.84589724306512,37.810497182573364,83.53561014963236,3825,3158.5229522072214,2511.3154819641086,79.50917311552746,0.013079160097152041,0.010399132043701608,75.0875,76.4375,,
42.73071999999974,1763,,-4.615247604034147,32.92180904637671,37.813544511789836,83.45791851089191,3825,3155.8397164729404,2506.590440129589,79.42705160359121,0.013134099819145035,0.010432028241019508,75.0875,76.4375,,
42.7526799999997,1763,,-4.6070005337272635,32.990375432667214,37.82364145094442,83.32428989739789,3825,3151.628065233728,2502.2501155050454,79.39547636054814,0.01318428370858864,0.010467724855160093,75.0875,76.4375,,
42.776694999999364,1763,,-4.599086039381592,33.03935853809175,37.82815056179519,83.23250967524271,3826,3148.531907631156,2497.9921523776457,79.33831467050453,0.013226366026267991,0.010493575897393203,75.0875,76.4375,,
42.80198000000045,1763,,-4.590073275726575,33.07894087668959,37.83987109366257,83.0745027171532,3827,3143.528473987198,2493.7739843628874,79.33040864744663,0.013264610619931802,0.010522869810284502,75.0875,76.4375,,
42.824604999999515,1763,,-4.582071041257935,33.096989814974144,37.850951504596125,82.93195037157197,3828,3139.0532316959434,2490.4968716183703,79.33910920882421,0.013289311940981126,0.010543621713956331,75.0875,76.4375,,
42.8478200000003,1763,,-4.572965310147706,33.08861655864496,37.86268038425671,82.7805829591982,3829,3134.2947546065693,2485.98040751413,79.31546335456831,0.013310087424112929,0.010556957513333295,75.0875,76.4375,,
42.8740150000006,1763,,-4.562310832517672,33.08944325704238,37.86635048865016,82.69436380267811,3829,3131.3337631881545,2480.5790091860567,79.21796898010851,0.01333940307263178,0.010567204188209086,75.0875,76.4375,,
42.896625,1763,,-4.554287956750261,33.09006576513428,37.874135997069374,82.57078459898223,3830,3127.297125286574,2476.819479325408,79.20000499148098,0.013359902100796931,0.010581043130688143,75.0875,76.4375,,
42.91996499999985,1763,,-4.545857908810575,33.08434872742023,37.876220545318006,82.50507059913784,3830,3124.980250119977,2472.2982701874425,79.11404464372292,0.01338202154908755,0.010587058502577745,75.0875,76.4375,,
42.94726499999967,1763,,-4.537801896486554,33.05744736376105,37.875586829910574,82.45392636124734,3830,3122.990847362476,2467.896887240406,79.02350688362311,0.013394987260073809,0.010585188679524866,75.0875,76.4375,,
42.97475,1763,,-4.531291431238259,33.04374652482476,37.876629396601494,82.3935515223089,3830,3120.790015680285,2464.21555675134,78.96127404823739,0.013409438323807785,0.010588263343191236,75.0875,76.4375,,
42.996710000000895,1763,,-4.527006576381743,33.047252078772196,37.87772373842796,82.35741115951305,3830,3119.511267712159,2461.437127305889,78.9045756231905,0.0134259988655259,0.01059372742801758,75.0875,76.4375,,
43.02001000000071,1763,,-4.522800132980132,33.07050966061224,37.88302788307037,82.27109795185417,3829,3116.678297680905,2458.698227052691,78.88841876565151,0.013450414246344808,0.010610819116371344,75.0875,76.4375,,
43.044990000000226,1763,,-4.518488603059797,33.09463682153877,37.87793843345359,82.26999915690676,3827,3116.217962985593,2455.02311803952,78.78213742428356,0.01348037685607082,0.010620129020061032,75.0875,76.4375,,
43.066134999999775,1763,,-4.515336400817821,33.112276427936116,37.87180540959457,82.28751488629503,3825,3116.3767514128817,2452.003916089791,78.68124144419053,0.013504169471613344,0.010625248186992762,75.0875,76.4375,,
43.08799500000011,1763,,-4.513009869378583,33.14399181434865,37.87088572033066,82.26955478064951,3823,3115.620907360461,2449.940123344414,78.63408919732765,0.013528490553109429,0.010638005328584114,75.0875,76.4375,,
43.11187000000011,1763,,-4.511918690451936,33.17980402650262,37.86674279642027,82.26305266401324,3821,3115.0338568765646,2448.007182748915,78.58685636256695,0.01355380174548523,0.01065150670939157,75.0875,76.4375,,
43.13772499999963,1763,,-4.512709519853167,33.21256669739305,37.86049451795439,82.27349467271422,3819,3114.915194029247,2446.9376926709424,78.55551564810813,0.013573114998747696,0.010662430476776957,75.0875,76.325,,
43.15880999999959,1763,,-4.513323904854053,33.239425903492986,37.848950445988,82.34276691646464,3817,3116.5873046068104,2446.1652720851553,78.48858488479803,0.013588381080710506,0.0106653280190033,75.0875,76.325,,
43.18529000000004,1763,,-4.51331255963009,33.281514393234794,37.841688096535,82.34848407923566,3815,3116.2056497489143,2444.6754514134454,78.45038890839643,0.013613878428726528,0.010680140572852251,75.0875,76.325,,
43.21184999999963,1763,,-4.513654753602585,33.31982439223555,37.837191126318736,82.34917206705471,3813,3115.861362595257,2443.770175930675,78.43000350616418,0.013634598179653361,0.010693615830353529,75.0875,76.325,,
43.23408999999985,1763,,-4.5138991121860785,33.34718132380627,37.822229582640766,82.44446194779489,3812,3118.2333676067888,2442.8027219964188,78.33931697906382,0.013651197054730953,0.010694254532142306,75.0875,76.325,,
43.25658000000008,1763,,-4.5153591144227745,33.361323296378075,37.81261114835682,82.49292898030032,3811,3119.2730460211114,2443.20475764507,78.32609462520692,0.013654739002937283,0.010695223792265693,75.0875,76.325,,
43.28404000000004,1763,,-4.515634315147107,33.38388412931638,37.80324982635882,82.5350059531819,3810,3120.091449468148,2442.946506792572,78.29727257542396,0.013665417575249004,0.010699649247462606,75.0875,76.325,,
43.31121499999985,1763,,-4.514821938403185,33.40994740387417,37.79103192107227,82.61313286905894,3810,3122.035541354391,2442.3530005102434,78.22950662024526,0.013679409731883288,0.010701334741814112,75.0875,76.325,,
43.33409500000067,1763,,-4.513883218377572,33.42368838818673,37.78120698790504,82.65642175144104,3810,3122.8593790707705,2441.604453933979,78.18489907990977,0.013689231412702244,0.010702911764836558,75.0875,76.325,,
43.35595999999996,1763,,-4.513714026126567,33.42794257898254,37.76371036494066,82.77143703455903,3809,3125.75657466301,2441.308333713303,78.10295764878947,0.013692634444145627,0.010694352480914618,75.0875,76.325,,
43.381799999999814,1763,,-4.515238969834015,33.434715951945925,37.74430252097419,82.91129991277892,3809,3129.429186315148,2441.7812051871488,78.02640864554301,0.013692756697823525,0.010683966295883742,75.0875,76.325,,
43.40324500000011,1763,,-4.517057697120362,33.44889058878661,37.74244776873002,82.94240163061292,3809,3130.4492613564357,2443.009221353258,78.04021140066946,0.013691675944742543,0.010685012851571689,75.0875,76.325,,
43.42728000000026,1763,,-4.519076482320347,33.46237382459343,37.74468661205265,82.94482771578112,3809,3130.726528222857,2444.1954989865458,78.07119136573013,0.013690547191690751,0.01068837329704048,75.0875,76.325,,
43.45205999999959,1763,,-4.5208805676331165,33.46850107160806,37.74194241328151,82.95944927127685,3809,3131.0507570340797,2444.776116721071,78.08165074388353,0.01368980204064491,0.010689223416905399,75.0875,76.325,,
43.476099999999626,1763,,-4.523697854549082,33.476630376235086,37.747743902738456,82.9119657353714,3808,3129.739649051425,2445.9998707975974,78.15346147207298,0.013686276428673295,0.010696298775644588,75.0875,76.325,,
43.499090000000784,1763,,-4.525993249934163,33.49007249475972,37.74168941315888,82.95923788926447,3808,3131.021790368982,2446.8109828878555,78.14736359913694,0.013687233190049268,0.010696211887689551,75.0875,76.325,,
43.522075000000186,1763,,-4.528289835942852,33.5038254057153,37.74916679882427,82.90148549964802,3807,3129.462003996525,2447.615318816554,78.21201585738352,0.013688354190361386,0.010705937749980268,75.0875,76.325,,
43.54808999999985,1763,,-4.530353582084868,33.50460141199333,37.74958619996871,82.91388881082193,3807,3129.9649928387435,2448.639575252827,78.23217131358444,0.01368294531812993,0.01070446522202349,75.0875,76.325,,
43.57119499999936,1763,,-4.532130330809148,33.5013338049981,37.75152481964505,82.90248272169536,3807,3129.6951340782775,2449.5160320956898,78.26692144623516,0.013676715467886099,0.010704344151675507,75.0875,76.325,,
43.592974999999626,1763,,-4.533762842248866,33.497463715699375,37.74539154971268,82.95878915038185,3807,3131.3119789712187,2450.372622067109,78.25386414777394,0.013670355036631636,0.010697581058884093,75.0875,76.325,,
43.61931500000041,1763,,-4.536108607067641,33.4842491830848,37.75801311920648,82.85967375470115,3807,3128.616648683175,2451.9495647454764,78.37168436016265,0.013656173709494965,0.01070257335528091,75.0875,76.325,,
43.64041000000015,1763,,-4.537113527471464,33.464727842136405,37.75745753222274,82.85230245822574,3809,3128.2922915133317,2453.5208249318207,78.4300377425702,0.013639471693934506,0.010697442797440015,75.0875,76.325,,
43.66425,1763,,-4.536813798656922,33.42146164224029,37.75692160327193,82.84519372179349,3810,3127.9794845616325,2454.3076119257626,78.46303417395076,0.013617470556600798,0.010684680576453364,75.0875,76.325,,
43.69034499999974,1763,,-4.534954848884215,33.36363841596606,37.765575324601684,82.76780551745195,3813,3125.773793721314,2455.2018089657886,78.54700854865149,0.013588959691268684,0.010673721330373618,75.0875,76.325,,
43.713245000000114,1763,,-4.532824915783391,33.310633724869064,37.7675812970087,82.73871972462614,3817,3124.8413236102347,2456.486931360335,78.6115734197432,0.01356027312810598,0.01065994406601874,75.0875,76.325,,
43.73599000000022,1763,,-4.5301367258723415,33.24880195256258,37.77183852350811,82.6987291071815,3819,3123.6830419358,2456.4940658035043,78.64095149299057,0.013535063005204982,0.010644102332468961,75.0875,76.325,,
43.761205000000075,1763,,-4.528096613516594,33.19193749532719,37.79046425847053,82.5522151769408,3822,3119.6865371017498,2457.2037953328418,78.76444527710892,0.013508011650629556,0.010639510444585613,75.0875,76.325,,
43.784625,1763,,-4.5265312369869966,33.14830544414447,37.803169521293654,82.45226459009692,3824,3116.9569357139917,2457.570141670681,78.84517471229461,0.013488243888579275,0.01063482945957073,75.0875,76.325,,
43.80678000000026,1763,,-4.525184137944479,33.13562179715857,37.80430642516083,82.44221402069522,3825,3116.670721207053,2457.2459242873424,78.84201265046305,0.013484861840504897,0.010631736478188335,75.0875,76.325,,
43.83238999999966,1763,,-4.521993393460408,33.14085125564329,37.815410066822594,82.3380235440266,3825,3113.646124409059,2455.60043441319,78.86575212137315,0.013496027607424205,0.01064374367910326,75.0875,76.325,,
43.85454499999992,1763,,-4.519115715899429,33.14306510256881,37.82120606992767,82.28111339141566,3823,3111.9709452398165,2453.154091719363,78.8295949700879,0.013510388611316117,0.010650184621185376,75.0875,76.325,,
43.877160000000146,1763,,-4.515774237857549,33.14077174583371,37.82587228975933,82.23020735431497,3823,3110.4293217447466,2450.8206983664995,78.79364694876752,0.013522315919692704,0.010654725865059653,75.0875,76.325,,
43.89810500000045,1763,,-4.513340489955099,33.14060754378363,37.82836377703599,82.17364696483423,3822,3108.4946102714785,2449.1382485945146,78.78856345775104,0.013531538108476323,0.010661304489406631,75.0875,76.325,,
43.92130999999959,1763,,-4.511168977527619,33.13829263587524,37.83165400595749,82.09659609453172,3822,3105.8500185151647,2447.719959773929,78.80998583904987,0.013538432982724006,0.010669637116514046,75.0875,76.325,,
43.946509999999776,1763,,-4.50961657423838,33.11203376703119,37.82723351727679,82.09321244947897,3821,3105.359117509855,2446.3824859634774,78.77937441017122,0.013535100891629558,0.010662867808211272,75.0875,76.325,,
43.97368499999959,1763,,-4.5074090954449915,33.068919500356884,37.822254473914676,82.10023262310877,3821,3105.2158906388113,2445.051699720782,78.74015159756834,0.013524834466335933,0.010649475162113085,75.0875,76.325,,
44.00075999999978,1763,,-4.505649068797065,33.03416837019621,37.81899471074106,82.05614716320592,3820,3103.2809955490748,2443.8040712980614,78.74904253927126,0.013517519165376315,0.01064491691779634,75.0875,76.325,,
44.023620000000115,1763,,-4.504519546733292,33.01313884804906,37.81760584718314,81.99902981034874,3820,3101.006989219189,2443.009048222177,78.78115259705716,0.01351331010094839,0.010645941451541688,75.0875,76.325,,0.26562999999988823,2562,
44.04618500000052,1763,,-4.503319012922491,32.98035327220483,37.81513910559259,81.97128997529484,3820,3099.7557330806417,2442.1759580692883,78.7860776256125,0.013504495105372388,0.01063966199666573,75.0875,76.325,,
44.09527999999933,1525,,-4.500825463278419,32.832208663973795,37.81477053431113,82.00992825364031,3821,3101.1866184467276,2441.562801331636,78.72995410235991,0.013447210387571028,0.010586982566182445,75.0875,76.325,,
44.1195150000006,1525,,-4.499265139803733,32.76151250056865,37.82446162810101,81.95650998471275,3821,3099.960867089845,2441.1730967809362,78.74851333438411,0.01342039716223719,0.010568363248831661,75.0875,76.325,,
44.1435549999997,1525,,-4.497764660461724,32.69901757683937,37.827545119248086,81.95454081887627,3821,3100.139090553301,2440.2715478767986,78.71490525417904,0.013399745452627896,0.010547596937337214,75.0875,76.325,,
44.16528000000026,1525,,-4.496633586482007,32.651908376388846,39.06177565619694,71.90667642633905,3794,2808.802462748401,2422.5256678734186,86.24763400068326,0.013478457136452918,0.011624850379986887,75.0875,76.325,,
44.18858000000007,1525,,-4.345847302156135,32.54625364080657,40.14744996956858,63.13630580040731,3744,2534.7616783852345,2310.0627191586295,91.13530233857136,0.01408890476041298,0.012839965949595744,75.0875,76.325,,
44.21422499999963,1525,,-4.06786722601263,32.24602339597086,41.05978823744444,55.83910791714269,3594,2292.741946445686,2075.478980255446,90.52388052100451,0.015536665850502653,0.01406439283145673,75.0875,76.325,,
44.236860000000334,1525,,-3.816795222301374,31.891391244864195,41.7054722302766,50.70222661021544,3462,2114.5603039055313,1876.0660218349583,88.72132983722048,0.01699907725724471,0.01508180740268401,75.0875,76.325,,
44.259375,1525,,-3.54888598059854,31.32349708892107,42.1974191488767,46.8113734897696,3393,1975.3191480824228,1709.533223751545,86.54465914589578,0.018322836113229858,0.01585743606005588,75.0875,76.325,,
44.28671999999974,1525,,-3.2615103402054264,30.554924447040218,42.62539986858797,43.41937821390749,3289,1850.7683584132637,1522.814708304901,82.28013524126108,0.020064768405771434,0.016509318580114563,75.0875,76.325,,
44.31265999999922,1525,,-3.01289518079529,29.698912865196,42.94750673195637,40.89753895069325,3219,1756.4473294053464,1377.0421006638437,78.39928232462557,0.021567178556762184,0.01690851320617209,75.0875,76.325,,
44.33462500000093,1525,,-2.8470520370058963,29.02797677724682,43.13986550112536,39.40839122782646,3151,1700.072697184162,1273.786146217325,74.92539279803168,0.022788736447989486,0.017074550297364335,75.0875,76.325,,
44.35595500000007,1525,,-2.7232444562122624,28.31138842584933,43.300259168516824,38.15941792517694,3126,1652.312685879908,1208.6477008100817,73.14884834685144,0.023424020421231068,0.017134401174661824,75.0875,76.325,,
44.3786950000003,1525,,-2.6179609252319676,27.58852842159002,43.391680524129434,37.45155534225922,3089,1625.085924543065,1148.1335579205768,70.65063702667933,0.024029023654318173,0.01697665828306725,75.0875,76.325,,
44.40172999999952,1525,,-2.5458660860975,26.90170368738307,43.49416901097867,36.62960875188518,3068,1593.1743938605175,1109.129530332013,69.61758452848429,0.024254789861496304,0.01688559883403343,75.0875,76.325,,
44.42670500000008,1525,,-2.489549392837446,26.226089045771126,43.58161551278435,35.959495601253174,3049,1567.172911327476,1077.5498727166428,68.75756114262482,0.024338631287340564,0.016734649288671206,75.0875,76.325,,
44.44946999999974,1525,,-2.446968393778956,25.715257447659777,43.62268277910347,35.64974810379714,3031,1555.137652686888,1053.0209448289452,67.71239465584213,0.024420461505480325,0.016535679271368845,75.0875,76.325,,
44.471714999999854,1525,,-2.4268995722016946,25.149066292243045,43.65761713920459,35.37707093565687,3022,1544.4786184153897,1041.3272722464453,67.42257612571098,0.02415097247764308,0.016283207803838413,75.0875,76.325,,
44.49749000000023,1525,,-2.42412630306724,24.557548144768123,43.676517071159346,35.24172140272542,3011,1539.2356464631785,1036.1636956929108,67.3167684281341,0.023700452203496498,0.015954378526248345,75.0875,76.325,,
44.5214450000003,1525,,-2.4282464807514095,24.071425438343514,43.69372987976388,35.13263263445389,3004,1535.0757602948056,1035.6921911837899,67.46847406312305,0.023241872096023068,0.015680936446889556,75.0875,76.325,,
44.54450499999989,1525,,-2.4410454916946414,23.629422316585185,43.71260769521772,35.008522712591585,3001,1530.3138193246352,1040.119908727963,67.96775246968582,0.022717979069820222,0.01544089978029044,75.0875,76.325,,
44.57075,1525,,-2.461671140266817,23.138478877837862,43.72842044136092,34.90562825484258,2999,1526.3679880976035,1048.0221056186242,68.66116911458762,0.022078235519831645,0.015159174627788558,75.0875,76.325,,
44.59370500000007,1525,,-2.4792429609135405,22.767934272947226,43.738556458137616,34.85591031581974,2995,1524.547201248263,1054.4109703766806,69.16223843468762,0.021593036218898166,0.014934227195002805,75.0875,76.325,,
44.61798000000045,1525,,-2.498178936914753,22.454249229961533,43.740449378817296,34.85051341377474,2994,1524.3771178010072,1062.0277128331988,69.66961786760672,0.021142809136364016,0.01473011433178225,75.0875,76.325,,
44.64200499999989,1525,,-2.5168905285851855,22.16849662728545,43.7452674607919,34.83984731942378,2992,1524.078439281347,1069.2123574096618,70.15468035318644,0.020733483366196948,0.014545508981636548,75.0875,76.325,,
44.66354000000004,1525,,-2.5307582874216217,21.956761575253914,43.75410559222007,34.77845069208187,2991,1521.7000039151692,1074.578314252202,70.61696204819798,0.020432909620490155,0.014429100032044126,75.0875,76.325,,
44.68704000000004,1525,,-2.547164236747057,21.745191080168347,43.74220277774602,34.88808873433978,2990,1526.0818519454874,1081.1610019194347,70.84554478785941,0.020112814873606347,0.014249033269380035,75.0875,76.325,,
44.71168500000052,1525,,-2.5630286123617245,21.545011406469296,43.73918570125987,34.92350963143539,2988,1527.52587310909,1087.4076085626596,71.1875083562006,0.019813188023346272,0.01410451487974936,75.0875,76.325,,
44.73477000000049,1525,,-2.5773327735460527,21.382601649659623,43.73359435694815,34.99994179950624,2987,1530.6732571763998,1093.0622445457418,71.41055345554872,0.01956210797359108,0.013969409571513419,75.0875,76.325,,
44.75675,1525,,-2.5919790694808644,21.23092284844498,43.742621496933126,34.94349233749373,2987,1528.5199590999712,1099.116537064583,71.90724141487618,0.019316352845665057,0.01388985647328168,75.0875,76.325,,
44.7843599999994,1525,,-2.609218560214148,21.070129106558056,43.74539976076181,34.9577351680844,2986,1529.2400996586941,1106.129361558985,72.3319615935953,0.019048521663742563,0.01377816937396595,75.0875,76.325,,
44.81092499999981,1525,,-2.628148589707246,20.942636833955092,43.72668707326924,35.142675572628924,2985,1536.672777681768,1113.7836329639879,72.4802084829177,0.018803146512597596,0.01362855979367921,75.0875,76.325,,
44.83381000000052,1525,,-2.6413845193347245,20.862396463482742,43.7288358299699,35.13567680785195,2984,1536.442242905439,1119.1323011569245,72.83920409794422,0.018641581912983693,0.013578379896683646,75.0875,76.325,,
44.85656000000052,1525,,-2.652969955070143,20.78118136717731,43.729343874578866,35.147227157486405,2984,1536.9651826076602,1123.9782163723119,73.12971231172183,0.018488953846676377,0.013520918757521462,75.0875,76.325,,
44.881865000000225,1525,,-2.664416801927875,20.696410856240238,43.723292247133635,35.20715703000219,2984,1539.3728160135113,1128.757352486916,73.3257948136333,0.01833557124623925,0.013444703349924937,75.0875,76.325,,
44.90512000000011,1525,,-2.6740178232593967,20.62372113647554,43.71326501189656,35.30129373085171,2984,1543.1348081195235,1132.727905946056,73.40433901082221,0.018207127261732448,0.013364821419333916,75.0875,76.325,,
44.926894999999554,1525,,-2.681845434954692,20.567488850464176,43.7137896634054,35.29800596494313,2984,1543.0096082891532,1136.0438397315907,73.62519543810261,0.018104485171385278,0.013329462590494718,75.0875,76.325,,
44.95354000000004,1525,,-2.688831321015041,20.49715937273134,43.725280960024975,35.213630953511604,2984,1539.725907064927,1139.0862127644857,73.97980429749649,0.017994388083221645,0.013312213088499404,75.0875,76.325,,
44.981205000000074,1525,,-2.694402753302173,20.404340609124514,43.705081974141756,35.39768296190178,2983,1547.0586355445982,1141.2949947915004,73.77192877952811,0.017878235427512865,0.013189119106621154,75.0875,76.325,,
45.00270000000019,1525,,-2.698984829361511,20.34309858208411,43.689584022493804,35.51430858875783,2983,1551.6053690893084,1143.237102122694,73.68091944627004,0.017794295290375257,0.013111000378932813,75.0875,76.325,,
45.0238200000003,1525,,-2.704811707277612,20.31757055537274,43.67528391028937,35.62518569938536,2984,1555.9400997774367,1145.9753234482323,73.65163502194936,0.01772950092349048,0.01305806731138235,75.0875,76.325,,
45.0467650000006,1525,,-2.711364358905117,20.295255593064187,43.693488783798095,35.463604590489204,2986,1549.5286094075907,1149.335938407168,74.17326349634664,0.017658245004668352,0.013097696596143122,75.0875,76.325,,
45.068814999999475,1525,,-2.7171906606237086,20.2716084505901,43.70109409795568,35.40239444919096,2986,1547.123371117038,1152.153558980992,74.47069706852957,0.01759453702379661,0.013102774367601856,75.0875,76.325,,
45.094014999999665,1525,,-2.721760648961845,20.233855118512604,43.71078213023445,35.322706102206965,2986,1543.9831106838715,1154.0535642207885,74.74521944152791,0.01753285613928536,0.013104971795676242,75.0875,76.325,,
45.12126499999967,1525,,-2.7231718489769503,20.22386395693877,43.709065961545825,35.339501339370884,2986,1544.656595090699,1154.33531863566,74.73087042805653,0.017519921317873128,0.01309278969915722,75.0875,76.325,,
45.14278000000026,1525,,-2.7238598827881795,20.218864692703615,43.72172990081806,35.24618598904665,2984,1541.0242238470955,1154.1871061755107,74.8974018912004,0.017517839685196625,0.01312040679167791,75.0875,76.325,,
45.16391000000015,1525,,-2.724218111684373,20.20138361670958,43.71973965680009,35.28160674061851,2984,1542.5026613734442,1154.0260904219201,74.81517661657551,0.01750513596215473,0.013096498387057738,75.0875,76.325,,
45.1870700000003,1525,,-2.7244099926485705,20.164970048741417,43.73116126050352,35.20246588562448,2983,1539.4447124116177,1153.872267299378,74.9537971709149,0.01747591186668976,0.013098859534326488,75.0875,76.325,,
45.20990999999922,1525,,-2.726269639567775,20.13649997116424,43.722181016566054,35.29694038413146,2983,1543.2592168059361,1154.5419862461458,74.81192878508683,0.017441115360936888,0.013048034803148947,75.0875,76.325,,
45.23524500000011,1525,,-2.728599970982798,20.121211728095492,43.728033511555736,35.236973560667636,2982,1540.8435607066779,1155.3788816970734,74.983529227794,0.017415249704530286,0.013058568852289775,75.0875,76.325,,
45.257125,1525,,-2.730324204509422,20.10989498883159,43.72956859561455,35.220467797215846,2982,1540.1758625079838,1155.8147419835611,75.04433552811699,0.01739889123954227,0.013056882319974254,75.0875,76.325,,
45.28106000000052,1525,,-2.7335351747714065,20.08492705064471,43.71220339812163,35.36597480004698,2981,1545.9246838324975,1157.0450839263162,74.8448547349596,0.017358811103961935,0.012992176954476346,75.0875,76.325,,
45.3065,1525,,-2.738502710201735,20.058085680926883,43.69764347768846,35.48785744588032,2981,1550.73574245711,1158.9246600780514,74.73385879671272,0.017307497520655062,0.01293456075833091,75.0875,76.325,,
45.329730000000446,1525,,-2.7434936849170897,20.04158719941501,43.69999193844527,35.46815608960417,2981,1549.958135187221,1161.0195590013814,74.90651086915588,0.017262058200512333,0.012930405502206784,75.0875,76.325,,
45.35148000000045,1525,,-2.7467474529509657,20.042975755454208,43.70186837321719,35.45241099693986,2981,1549.3365989014633,1162.4446815047074,75.02854333454225,0.01724208994574254,0.012936488926722193,75.0875,76.325,,
45.373515000000594,1525,,-2.748826541435134,20.040595660964883,43.709273863416705,35.39485543769338,2981,1547.0834296821838,1163.4429623482808,75.20234138809735,0.017225249805555707,0.012953791163726578,75.0875,76.325,,
45.39689999999944,1525,,-2.7509521965495707,20.015841071400725,43.69996933487931,35.488472109693014,2981,1550.8451429353045,1164.2862058845196,75.07430456150253,0.01719151267981784,0.01290640858797577,75.0875,76.325,,
45.42325999999978,1525,,-2.752812265620702,19.99894353914672,43.68843764751016,35.57366338176827,2981,1554.1577745478985,1164.9816850102454,74.95903595432172,0.017166745019661693,0.012868026571474941,75.0875,76.325,,
45.451405000000264,1525,,-2.7557098513971177,20.00038515560267,43.687592627578226,35.589076650937,2981,1554.8010827177918,1166.1956418732568,75.00609916187781,0.017150111385664336,0.01286362955230389,75.0875,76.325,,
45.473424999999814,1525,,-2.7578224730047203,20.007975446980268,43.699425034915066,35.502503698071145,2980,1551.438998905655,1166.8729418087282,75.21229920298576,0.017146661585936356,0.012896398415337875,75.0875,76.325,,
45.495139999999665,1525,,-2.7601090165946167,20.0094879796017,43.71647853593873,35.36786091953035,2980,1546.1583327507146,1167.7193153965247,75.52391567292318,0.017135528817391398,0.01294142233415613,75.0875,76.325,,
45.519995000000115,1525,,-2.7617998679772033,20.005864616245955,43.72105258088925,35.33553013074066,2980,1544.9065708197086,1168.4944081764304,75.63527984455666,0.017121061492683907,0.012949562772350104,75.0875,76.325,,
45.54346499999985,1525,,-2.7633677723031367,20.007064330027422,43.727840861587765,35.28752065052205,2981,1543.04708740602,1169.452644052353,75.78852606619363,0.01710805857063141,0.01296594542922266,75.0875,76.325,,
45.566480000000446,1525,,-2.7638910181642227,20.015355991835204,43.73763071474681,35.2174505364115,2981,1540.3278462764279,1169.8363719537908,75.94723258309851,0.01710953469364844,0.012994218107671112,75.0875,76.325,,
45.590325000000185,1525,,-2.765459668259408,20.022101713923917,43.7245871627818,35.34224655087974,2982,1545.325139842466,1170.7568880402364,75.76120117735134,0.017101844045042936,0.012956562472001859,74.975,76.4375,,
45.6141799999997,1525,,-2.7660610405756203,20.024661035581698,43.73639330207844,35.249582639096815,2982,1541.6896100376543,1171.1846572725722,75.96760396173177,0.017097782925379734,0.012988776018989071,74.975,76.4375,,
45.64065000000037,1525,,-2.7668775059021087,20.022554754126467,43.73157283362093,35.30841584165909,2983,1544.0925590192896,1171.8092294048988,75.88983073327924,0.01708687237793381,0.012967198525225413,74.975,76.4375,,
45.662215000000785,1525,,-2.7666983285653046,20.028400642772393,43.74432144269022,35.208827371276996,2983,1540.1862621493308,1171.8710538251405,76.0863203772376,0.017090959433972767,0.013003882150476233,74.975,76.4375,,
45.68708499999996,1525,,-2.7665259095100896,20.03414506196286,43.75471272894356,35.12182667757966,2984,1536.7454367932444,1172.0830224238327,76.27047358407262,0.017092769606484738,0.013036736327500334,74.975,76.4375,,
45.710014999999665,1525,,-2.766392892894756,20.026642508334387,43.76025592992734,35.08527807464337,2984,1535.340747919062,1172.1646020859037,76.34556717618597,0.017085179396047576,0.013043777112981386,74.975,76.4375,,
45.73232500000019,1525,,-2.7644810445857395,20.02918552198601,43.7499683965763,35.1843466128424,2984,1539.3140523660413,1171.3932340630881,76.09839150513625,0.017098600998840405,0.01301176032999871,74.975,76.4375,,
45.7571099999994,1525,,-2.762171270523624,20.042370474146637,43.737016192277,35.30718964490424,2984,1544.2311252029715,1170.2154886328183,75.77981492109912,0.01712707673828729,0.012978867053668729,74.975,76.4375,,
45.77908499999996,1525,,-2.7604658361029735,20.05210565630934,43.74606933817225,35.244162521316234,2984,1541.7935774233117,1169.4320528678013,75.84880816679679,0.01714687536324621,0.013005700600868359,74.975,76.4375,,
45.802174999999814,1525,,-2.757389162611608,20.044538481581107,43.757162735282655,35.1678886519256,2984,1538.8470267986088,1168.145114134609,75.9104117427967,0.01715928803625618,0.013025686200454523,74.975,76.4375,,
45.82878000000026,1525,,-2.754857778449082,20.027449252717933,43.74747093639094,35.25002796479986,2984,1542.0995738970498,1167.0961441287448,75.68228173355683,0.017160068048779935,0.012987131046347699,74.975,76.4375,,
45.85044000000041,1525,,-2.753321193832321,20.018185146163354,43.751333732362184,35.21291633854222,2984,1540.6120544173098,1166.4065381244802,75.71059403177514,0.017162271036607467,0.012993657351158809,74.975,76.4375,,
45.87148999999929,1525,,-2.7515726077949787,20.033587370811112,43.739115193546496,35.31804535024003,2984,1544.7800539850477,1165.5885102482273,75.45336355433739,0.017187529899848362,0.012968569421343022,74.975,76.4375,,
45.89395000000019,1525,,-2.7496748327964937,20.047412718322512,43.726702802603704,35.42761209514305,2983,1549.1326650902483,1164.5742209993934,75.17588694907215,0.017214371018034885,0.012941056095511745,74.975,76.4375,,
45.916484999999405,1525,,-2.7498075749937767,20.049746779553832,43.72843905301625,35.40974874396206,2983,1548.413039832964,1164.7043157790695,75.21922677070148,0.01721445220724762,0.012948577843103616,74.975,76.4375,,
45.9405,1525,,-2.750026485448357,20.059134793394023,43.74513738153755,35.26104806502449,2984,1542.4993918214952,1165.1085684225568,75.53381055448664,0.01721653701384424,0.01300430645208018,74.975,76.4375,,
45.96263499999978,1525,,-2.7496807578041005,20.086096330881556,43.735279178525126,35.338217529782675,2984,1545.5268093364957,1164.7794529589985,75.36455828023104,0.017244548982946913,0.012996278168416014,74.975,76.4375,,
45.985679999999704,1525,,-2.7501167369633825,20.13656383875097,43.71780733587281,35.47845585608984,2983,1551.040297690804,1164.8611687723128,75.10192807411667,0.017286664178164327,0.012982618097499064,74.975,76.4375,,
46.01129000000004,1525,,-2.7517225285388722,20.175031293980517,43.730023716191205,35.36530124816012,2982,1546.5254623122885,1165.1580310543088,75.34037165558348,0.01731527462907746,0.013045392258731912,74.975,76.4375,,
46.034584999999964,1525,,-2.7533492534216117,20.192431267527912,43.73136060926538,35.34024833399811,2981,1545.4771439150616,1165.498187579193,75.41348587185888,0.01732515029428639,0.013065499769459985,74.975,76.4375,,
46.05659999999963,1525,,-2.7554839722610427,20.223628319863288,43.720371386418634,35.425238452542025,2981,1548.8045815975754,1166.1514947936869,75.29364960883665,0.017342196455736834,0.01305757263385858,74.975,76.4375,,
46.082639999999664,1525,,-2.757697429545145,20.289922246035434,43.73492801058968,35.30979245672546,2980,1544.2712311637504,1166.7565742676925,75.55386325421824,0.01739002178648128,0.013138833280436827,74.975,76.4375,,
46.10580000000075,1525,,-2.760382923518944,20.342651922404812,43.71628954977999,35.455928649862415,2979,1550.001643113725,1167.453870272225,75.3195246894695,0.017424801476448353,0.013124277650144563,74.975,76.4375,,
46.12839999999944,1525,,-2.761750762605501,20.370204928697238,43.72481658542568,35.378011110520355,2978,1546.8970469646542,1167.8587907273936,75.49686600145657,0.017442352697460778,0.013168429643503407,74.975,76.4375,,
46.153725000000556,1525,,-2.7635946962472175,20.40060747929631,43.72961586200516,35.35152831717733,2978,1545.9087534449625,1168.5845665294423,75.59207902311981,0.01745753629100519,0.013196514628586462,74.975,76.4375,,
46.176875,1525,,-2.7645479748257005,20.433797517468903,43.71508505678529,35.469369672805406,2979,1550.546512157249,1169.1403475027842,75.40182370125609,0.017477625813799264,0.013178448603286147,74.975,76.4375,,
46.199354999999514,1525,,-2.767151153260672,20.464215337095094,43.699707037485496,35.602568921925034,2979,1555.8218316700097,1170.342664592853,75.22343759224759,0.017485661213773086,0.01315331545073444,74.975,76.4375,,
46.22699000000022,1525,,-2.7690124393693223,20.46504123419712,43.716945294547884,35.464770977371884,2979,1550.4114527014362,1171.2757632383036,75.54612430122812,0.01747243636085841,0.013199748491627071,74.975,76.4375,,
46.2488200000003,1525,,-2.7707815811667196,20.45366624037938,43.71126700510619,35.499750014110255,2979,1551.7390514812955,1172.105547106131,75.53496485038738,0.017450362120440807,0.013181124893940278,74.975,76.4375,,
46.27052000000048,1525,,-2.771850405868163,20.452082986666213,43.702484876115705,35.56726488929398,2979,1554.3778559091713,1172.5176554657648,75.43324494802117,0.017442878485733275,0.013157729254128867,74.975,76.4375,,
46.29249500000011,1525,,-2.773433307455679,20.454620391096608,43.71752821740279,35.44140430319819,2979,1549.4105926894474,1173.0906682055518,75.71205939474802,0.017436521272806257,0.013201549342444946,74.975,76.4375,,
46.315669999999926,1525,,-2.774748497646249,20.454675939041074,43.71234703490925,35.465984657626,2979,1550.301429288915,1173.6474226847124,75.70446627421582,0.017428297070896395,0.013193999278206905,74.975,76.4375,,
46.340479999999516,1525,,-2.77601238736934,20.428771333824066,43.71282478319589,35.44905598714024,2980,1549.5783730955627,1174.4849889145353,75.79384233198154,0.017393812204193802,0.013183438597567612,74.975,76.4375,,
46.362594999999736,1525,,-2.776981090429175,20.408916856112057,43.72941694071111,35.32109903407219,2981,1544.5710664650912,1175.3829741200168,76.09769467001611,0.01736363151881774,0.013213323296816605,74.975,76.4375,,
46.38346999999974,1525,,-2.777760872377234,20.381973675505293,43.74157396888626,35.21987920272389,2982,1540.5729513211857,1175.9187330282332,76.32996100702488,0.017332808044495992,0.01323012562178626,74.975,76.4375,,
46.4050700000003,1525,,-2.778552663098276,20.362930367735096,43.73259936895516,35.288639111770436,2983,1543.263916550698,1176.694106920064,76.24710811291806,0.017305202981796185,0.013194716826690057,74.975,76.325,,
46.42858499999996,1525,,-2.7770796396107564,20.33780367863328,43.730845396169215,35.31581693077481,2983,1544.3905302391283,1176.2485421982594,76.16263627413805,0.01729039650125687,0.013168821797608563,74.975,76.325,,
46.45397500000056,1525,,-2.7743409787501374,20.306717081534778,43.73989654493323,35.25388831480653,2984,1542.0014276962681,1175.4363335031962,76.22796661474459,0.01727589704583482,0.013169065032496612,74.975,76.325,,
46.47647500000056,1525,,-2.772384212094617,20.282109806889626,43.74115910499581,35.25780257486051,2985,1542.2171521195046,1175.0114482193314,76.1897536027586,0.017261201869672085,0.013151267173377923,74.975,76.325,,
46.497375,1525,,-2.7716171877894724,20.27364406424759,43.74809691506898,35.214164653098784,2986,1540.552688026962,1174.957302845507,76.26855686125961,0.01725479216576548,0.013159980974239014,74.975,76.325,,
46.52000500000082,1525,,-2.7708953474821834,20.265677023008912,43.75694479677023,35.16169308229034,2987,1538.568263162756,1174.9967571590112,76.36949138308823,0.017247432301012194,0.013171776324925485,74.975,76.325,,
46.54262999999989,1525,,-2.7703815178860163,20.248136565346385,43.75736465113763,35.16747029435841,2987,1538.8358215282913,1174.936819357624,76.35231796142737,0.01723338330346707,0.013158087615374715,74.975,76.325,,
46.568509999999776,1525,,-2.7680300596284786,20.22680315266946,43.776557053501705,35.023218198614195,2988,1533.1959096688736,1174.1132222571784,76.5794648193885,0.017227302077208847,0.01319257573354593,74.975,76.325,,0.2130650000004098,-3061,
46.591985000000335,1525,,-2.7670789444790334,20.21762734991267,43.775456905946825,35.04471871122983,2988,1534.0985737244696,1173.8240038521278,76.51555277848472,0.017223729693348122,0.013178831983937326,74.975,76.325,,
46.614049999999814,1000,,-2.7666212806077275,20.22809234076479,43.777480987627015,35.042610741536606,2989,1534.077225494433,1173.9222241377477,76.52302013410001,0.017231203162221785,0.013185837065174654,74.975,76.325,,
46.63979499999993,1000,,-2.7665567407645795,20.232339883491804,43.77586173801215,35.05068846505246,2990,1534.374092068274,1174.343638572737,76.53567957405808,0.017228636677490413,0.013186054162462709,74.975,76.325,,
46.66216000000015,1000,,-2.766040129290995,20.23107988188684,43.780051684371756,35.01846150403142,2990,1533.1100545536783,1174.396954563165,76.60226029272619,0.01722678162888467,0.013196104103417771,74.975,76.325,,
46.683699999999256,1000,,-2.765222486387495,20.23289063296862,43.787862126815064,34.96264865582769,2991,1530.939638929659,1174.1298602985266,76.6934130152517,0.017232242631001937,0.013215995012784594,74.975,76.325,,
46.70893999999948,1000,,-2.757910560582882,20.243568846716133,43.82391676480734,34.67389198626561,2988,1519.5457563180244,1170.1227792994805,77.00477425140375,0.017300380100997083,0.01332211864140758,74.975,76.325,,
46.73171499999985,1000,,-2.725056962720951,20.25220362632755,44.41363264305424,30.05908200189098,2965,1335.0330256194295,1147.3271086015604,85.93997950494318,0.017651638730137125,0.015169814706966458,74.975,76.325,,
46.7541799999997,1000,,-2.6105344412509526,20.219301094276194,44.894628536655325,26.29335182858671,2889,1180.4302633279874,1070.9810164973285,90.7280209402554,0.01887923388259854,0.0171287552703638,74.975,76.325,,
46.77870500000007,1000,,-2.3979452046988623,20.062235427680328,45.40645593393537,22.38606931658673,2825,1016.472069957618,961.6750236066205,94.60909473358355,0.020861761962414155,0.019737124138115108,74.975,76.325,,
46.80192499999981,1000,,-2.1984390076315976,19.86971376495213,45.80771531488837,19.356765552479743,2737,886.68920584503,854.3033503998556,96.34755275786739,0.023258382114095814,0.022408881978004856,74.975,76.325,,
46.82469000000041,1000,,-1.9777251723217886,19.556495508149993,46.15151805139775,16.77438741579048,2659,774.1634436209936,746.7381924403265,96.45743396867321,0.026189226299300067,0.025261455664553758,74.975,76.325,,
46.85096499999985,1000,,-1.7182904664020957,19.078090080600195,46.494297781019824,14.228095338522362,2563,661.5253015259988,625.2689288194587,94.51927649284096,0.030511815318603235,0.028839547083975597,74.975,76.325,,
46.873879999999886,1000,,-1.5128003502368692,18.650238172451587,46.75117325574124,12.337890918776262,2473,576.8108759541456,531.1723275168986,92.08777948894378,0.03511146422035371,0.03233336774657871,74.975,76.325,,
46.89550500000082,1000,,-1.3314304128791745,18.200852338715325,46.96612425234959,10.763372978697957,2434,505.5139126919103,460.05065174871305,91.00652626925717,0.03956271395232567,0.03600465166585433,74.975,76.325,,
46.92195000000019,1000,,-1.1423467357642654,17.637157116630334,47.18467775487269,9.18111424848605,2358,433.2079172454844,382.44069822749316,88.28109621338635,0.04611736459632481,0.040712915010359674,74.975,76.325,,
46.94773999999929,1000,,-0.9652797387402449,17.017048185470845,47.38403512258281,7.753530329085003,2279,367.39355343737486,312.324258015161,85.01081608346705,0.05448519526986212,0.04631830914358038,74.975,76.325,,
46.970054999999704,1000,,-0.8397060614843497,16.57727476584056,47.52695788200193,6.740936328975392,2201,320.37619699247017,262.4587313687717,81.92204471886538,0.06316145277159176,0.05174315358462844,74.975,76.325,,
46.991729999999514,1000,,-0.7241504086483731,16.033150404044004,47.64859208661118,5.882605150962215,2147,280.2978532447964,220.70363858406256,78.73896857544335,0.07264560977293189,0.05720040385054805,74.975,76.325,,
47.01382500000019,1000,,-0.6172892733743138,15.472584845479176,47.757648162204575,5.121131809414478,2076,244.57321114629073,181.92390461717937,74.38423192978487,0.08504976230604758,0.06326361244946119,74.975,76.325,,
47.03455000000074,1000,,-0.5246957946240317,14.882067804542617,47.84851513765272,4.495778703369539,2043,215.1163353437141,152.21453236409437,70.75916950745983,0.09777034803053486,0.06918148629095958,74.975,76.325,,
47.05795500000008,1000,,-0.4335962044841594,14.244447857553537,47.93938204337441,3.8809151299234244,1978,186.04867309131106,121.77100760009843,65.45115618230413,0.1169773342463664,0.0765630177354852,74.975,76.325,,
47.08133499999996,1000,,-0.3603565605016847,13.672107198546728,48.01369305214668,3.3813709839385213,1929,162.35210851825937,98.67044701970832,60.77558703748592,0.13856334506942974,0.08421268638472322,74.975,76.325,,
